Number of volumes (nv), q-vectors (nq), normal mode (np), formula units(nm)
10 84 6 1

P	=	-0.84	V	=	138.6117	E	=	-655.45988592
0.0 0.0 0.0
-0.0
-0.0
0.0
229.4749
229.4749
317.613
0.0 0.0 0.1
39.0503
39.0503
101.8042
220.6162
220.6162
303.4656
0.0 0.0 0.2
93.3531
93.3531
194.3299
197.6604
197.6604
281.8733
0.0 0.0 0.3
147.6897
147.6897
162.2339
162.2339
253.6059
263.7641
0.0 0.0 0.4
111.6542
111.6542
187.8947
187.8947
217.8295
276.8262
0.0 0.0 -0.5
55.0536
55.0536
133.3339
214.5766
214.5766
295.8317
0.0 0.1 0.0
-15.6288
60.3792
96.6252
235.7384
240.0772
307.7672
0.0 0.1 0.1
60.996
73.8701
126.7885
227.4288
230.4658
295.8258
0.0 0.1 0.2
112.179
114.4277
197.7668
206.3992
206.6049
278.3719
0.0 0.1 0.3
160.4096
161.672
173.4077
174.6304
252.135
261.8478
0.0 0.1 0.4
128.3863
130.0067
196.873
197.6006
218.9814
274.1061
0.0 0.1 -0.5
77.5443
84.406
148.0896
221.8314
223.9496
289.5787
0.0 0.2 0.0
39.3882
110.772
176.1976
248.8374
261.7287
283.4784
0.0 0.2 0.1
65.713
120.912
190.7026
241.6739
245.3871
282.877
0.0 0.2 0.2
119.1377
151.969
214.5099
224.5993
228.3338
280.203
0.0 0.2 0.3
168.8461
181.4775
189.5102
199.7602
263.7603
270.7413
0.0 0.2 0.4
136.4157
164.2878
204.5461
217.7174
241.2457
278.6364
0.0 0.2 -0.5
81.5353
128.8138
200.9689
236.0122
236.9968
282.1608
0.0 0.3 0.0
98.438
143.9662
227.9073
257.6033
259.0431
277.5033
0.0 0.3 0.1
101.332
152.5399
237.81
242.175
252.8437
285.7398
0.0 0.3 0.2
124.508
179.081
212.2798
239.0705
265.3244
293.6013
0.0 0.3 0.3
165.5309
178.2402
211.025
219.4606
287.7498
291.6907
0.0 0.3 0.4
136.9084
189.6565
202.2666
233.7176
273.7609
294.466
0.0 0.3 -0.5
105.6573
159.2515
232.025
246.8634
248.9453
288.8275
0.0 0.4 0.0
155.5898
158.2078
241.1572
251.9809
262.5777
279.7709
0.0 0.4 0.1
150.7319
164.948
234.4783
256.822
264.1834
288.9713
0.0 0.4 0.2
149.2107
188.6183
216.0095
244.5434
287.2753
303.3495
0.0 0.4 0.3
173.4968
184.7216
218.8632
226.7965
303.4942
305.8076
0.0 0.4 0.4
154.1128
198.5612
207.3285
239.8084
293.754
305.7194
0.0 0.4 -0.5
148.387
170.6547
229.9809
253.2882
271.3115
294.1593
0.0 -0.5 0.0
159.5171
197.8997
232.683
259.3525
262.2448
272.9207
0.0 -0.5 0.1
164.6182
186.1968
233.42
256.512
274.1385
286.4259
0.0 -0.5 0.2
171.7209
186.7159
222.9039
244.2618
296.1356
308.0359
0.0 -0.5 0.3
185.7961
195.5808
217.6877
225.9671
309.5835
311.6241
0.0 -0.5 0.4
172.5058
196.7223
215.8232
239.45
301.4933
311.1898
0.0 -0.5 -0.5
169.5729
179.9804
231.8905
253.0009
281.7002
294.3967
0.1 0.1 0.0
-6.0724
83.7562
132.0072
241.164
248.5974
298.8048
0.1 0.1 0.1
61.3548
95.1851
152.6729
233.3176
237.6209
289.7012
0.1 0.1 0.2
118.1436
130.6379
206.2825
211.596
214.1036
277.1901
0.1 0.1 0.3
166.26
173.0655
179.1491
185.2004
254.0112
262.9136
0.1 0.1 0.4
134.7848
144.6263
201.6894
205.9116
224.576
273.8629
0.1 0.1 -0.5
80.1019
104.2165
167.6975
228.0879
230.2711
285.1728
0.1 0.2 0.0
49.6785
126.3593
187.4686
254.5712
264.9952
276.4146
0.1 0.2 0.1
67.9768
135.8778
201.1427
244.6601
247.791
281.1213
0.1 0.2 0.2
116.1038
164.8426
212.5856
231.5984
235.8766
281.7628
0.1 0.2 0.3
165.2158
177.8126
200.5248
209.6794
267.6811
273.9921
0.1 0.2 0.4
132.9336
176.1766
202.4335
225.7622
247.2871
280.7856
0.1 0.2 -0.5
81.2708
143.2625
210.6198
234.6541
243.4044
281.7658
0.1 0.3 0.0
101.698
158.869
226.3223
251.5875
267.0833
277.2892
0.1 0.3 0.1
102.929
167.0997
235.8273
237.4097
262.4846
284.3899
0.1 0.3 0.2
122.386
191.9748
207.9015
246.1943
266.7806
292.809
0.1 0.3 0.3
160.8068
173.2066
222.1577
229.7792
287.5752
291.3443
0.1 0.3 0.4
133.7023
196.4893
203.1429
242.1422
274.3302
293.8379
0.1 0.3 -0.5
106.1602
173.469
227.6883
243.5771
259.9659
287.5944
0.1 0.4 0.0
152.4434
173.8732
234.103
244.5661
270.3824
282.3859
0.1 0.4 0.1
147.3032
181.2078
228.2136
253.2682
271.9699
287.0345
0.1 0.4 0.2
145.6033
203.1964
209.4193
253.1104
285.1606
300.2163
0.1 0.4 0.3
167.6579
178.1877
231.232
238.2808
300.5184
302.7674
0.1 0.4 0.4
149.9579
199.9793
213.0085
249.4516
291.1364
302.5859
0.1 0.4 -0.5
145.0394
186.7808
223.5302
256.0775
273.7033
291.4608
0.2 0.2 0.0
84.7091
145.7148
217.3922
260.5003
261.2246
274.669
0.2 0.2 0.1
89.8507
154.5059
228.8487
240.7664
255.6215
283.3566
0.2 0.2 0.2
119.1469
181.1056
210.3143
240.3691
257.9947
289.8173
0.2 0.2 0.3
162.7974
175.5609
213.1655
221.4646
282.0364
286.5261
0.2 0.2 0.4
132.9248
191.2729
200.3909
235.3992
266.7726
290.2624
0.2 0.2 -0.5
96.0454
161.2962
231.3415
236.3903
252.0786
286.0309
0.2 0.3 0.0
120.0499
178.6267
230.8296
239.3406
275.4451
279.5752
0.2 0.3 0.1
118.6006
185.9182
228.6084
241.4832
273.7458
283.5418
0.2 0.3 0.2
128.2744
202.1949
209.8057
253.7966
274.8371
294.0543
0.2 0.3 0.3
158.6521
170.0381
235.4426
241.9683
291.3645
294.4131
0.2 0.3 0.4
136.2682
193.1072
218.0321
251.6439
280.4679
295.6875
0.2 0.3 -0.5
119.3576
191.6078
221.708
247.5683
271.6634
287.2966
0.2 0.4 0.0
152.0693
201.7162
219.5779
236.6776
271.6753
291.9111
0.2 0.4 0.1
148.8727
207.5399
217.1599
247.3716
278.914
287.4145
0.2 0.4 0.2
146.6785
198.9085
227.9384
261.8649
284.8819
293.8853
0.2 0.4 0.3
162.3436
171.0132
250.139
255.3052
295.2946
297.1558
0.2 0.4 0.4
149.3358
190.6756
235.5152
261.7145
288.1072
296.4576
0.2 0.4 -0.5
147.1661
210.3575
215.456
253.4101
282.7403
286.3503
0.3 0.3 0.0
156.3365
177.2587
231.5376
244.699
270.6176
283.4258
0.3 0.3 0.1
150.7839
184.5479
226.6591
253.587
273.5349
286.7736
0.3 0.3 0.2
147.6542
205.4447
209.4109
254.7218
285.9346
300.0472
0.3 0.3 0.3
167.93
178.1243
233.5731
240.4548
300.7319
302.8746
0.3 0.3 0.4
151.3745
199.5059
215.7146
251.2724
291.6871
302.5149
0.3 0.3 -0.5
148.1935
190.0092
222.3472
256.7909
275.2168
291.0835
P	=	199.25	V	=	130.272	E	=	-655.45455419
0.0 0.0 0.0
-0.0
-0.0
-0.0
250.8673
250.8673
367.4526
0.0 0.0 0.1
44.9618
44.9618
111.0895
240.2115
240.2115
350.7452
0.0 0.0 0.2
105.859
105.859
214.8596
214.8596
215.5159
323.5463
0.0 0.0 0.3
164.0791
164.0791
178.5912
178.5912
285.7785
298.332
0.0 0.0 0.4
125.1877
125.1877
205.112
205.112
242.0006
316.69
0.0 0.0 -0.5
62.4962
62.4962
145.0614
233.4935
233.4935
341.8046
0.0 0.1 0.0
-17.2693
65.1373
107.5456
257.4642
262.9948
356.7714
0.0 0.1 0.1
65.8485
80.9104
141.3862
247.5512
251.9551
342.4739
0.0 0.1 0.2
124.7215
126.9774
220.6756
224.2542
225.9664
319.6565
0.0 0.1 0.3
177.5316
178.19
190.8687
191.2996
284.6074
296.4871
0.0 0.1 0.4
142.2084
143.609
215.3731
215.9454
244.3888
313.6646
0.0 0.1 -0.5
84.3717
92.6102
164.0703
241.3405
244.9369
334.9517
0.0 0.2 0.0
42.2084
120.0575
197.4046
271.7097
288.8989
330.1811
0.0 0.2 0.1
71.3964
131.2558
214.0964
263.3253
273.1043
326.3962
0.0 0.2 0.2
131.7578
165.8652
239.5511
244.2481
256.5184
319.789
0.0 0.2 0.3
187.779
201.6542
207.0172
217.6721
297.5924
305.9471
0.0 0.2 0.4
150.6066
179.0442
228.5116
237.1047
270.7944
317.0719
0.0 0.2 -0.5
88.6203
139.7283
225.3101
258.1618
263.5932
324.4317
0.0 0.3 0.0
106.7374
157.3505
258.2665
283.945
300.8832
310.883
0.0 0.3 0.1
111.0418
166.3782
270.0291
276.794
277.1296
325.2479
0.0 0.3 0.2
138.5297
195.3201
240.8955
261.2309
300.1997
334.0607
0.0 0.3 0.3
185.5991
199.9673
230.5691
239.5609
325.5921
330.237
0.0 0.3 0.4
152.2219
206.5999
229.1301
255.5023
309.3191
334.5304
0.0 0.3 -0.5
116.2437
173.3336
265.3907
272.4969
279.4756
328.9792
0.0 0.4 0.0
169.8424
175.1422
280.1574
289.8595
289.9284
320.1212
0.0 0.4 0.1
165.8212
181.8732
269.5124
283.3058
303.0239
331.6579
0.0 0.4 0.2
166.3943
207.3585
245.0446
269.3783
328.0841
347.563
0.0 0.4 0.3
194.792
207.4014
240.9406
249.5067
346.5023
349.2676
0.0 0.4 0.4
172.0638
217.9799
234.7026
264.2569
335.0912
349.8478
0.0 0.4 -0.5
164.0754
187.6255
263.3876
279.4087
310.4083
337.4239
0.0 -0.5 0.0
179.0888
217.3693
267.4569
291.4863
301.9143
319.1674
0.0 -0.5 0.1
183.815
206.37
267.1093
284.8935
316.5316
332.637
0.0 -0.5 0.2
192.3035
207.4055
252.7581
271.1274
340.3311
354.9013
0.0 -0.5 0.3
208.9721
219.8793
241.8702
250.8032
356.1782
358.5388
0.0 -0.5 0.4
193.4272
218.1112
244.2446
265.9868
346.3838
358.1653
0.0 -0.5 -0.5
188.6774
200.498
264.7938
281.042
324.097
340.5073
0.1 0.1 0.0
-8.1496
90.5139
147.2339
263.3084
272.9405
347.0121
0.1 0.1 0.1
66.0578
103.5797
170.8294
254.0199
260.9713
335.5756
0.1 0.1 0.2
130.561
143.6277
230.7877
232.2525
233.653
317.9006
0.1 0.1 0.3
183.983
189.8779
197.6259
202.3578
286.8376
297.6355
0.1 0.1 0.4
148.6639
158.5958
222.4938
224.3644
251.3552
312.9836
0.1 0.1 -0.5
86.5589
113.4889
187.0652
248.236
253.3217
329.7261
0.1 0.2 0.0
53.4539
137.2328
210.1077
278.6828
293.032
322.4145
0.1 0.2 0.1
73.9563
147.7716
225.7855
270.7663
274.2937
323.2018
0.1 0.2 0.2
128.3481
179.8149
238.5042
252.3174
265.4519
321.0508
0.1 0.2 0.3
183.8681
197.6181
219.376
228.7005
302.103
309.5961
0.1 0.2 0.4
146.7249
191.8446
227.1386
246.184
278.0137
319.1427
0.1 0.2 -0.5
88.44
155.6529
236.088
263.723
266.1687
322.9476
0.1 0.3 0.0
110.4577
173.8392
254.9822
294.2852
295.3635
310.7457
0.1 0.3 0.1
112.7218
182.7755
266.198
271.0472
291.4755
323.4121
0.1 0.3 0.2
135.6818
209.7583
236.2599
269.9361
302.2873
333.2217
0.1 0.3 0.3
179.8931
193.9079
243.4845
251.5462
325.8023
330.1828
0.1 0.3 0.4
148.1845
217.7995
226.7811
265.4655
310.4971
333.9569
0.1 0.3 -0.5
116.6027
189.4427
260.7986
271.4446
290.3499
327.4186
0.1 0.4 0.0
166.7953
192.348
272.6299
277.1612
304.4291
321.4171
0.1 0.4 0.1
161.9982
200.2069
262.2903
283.791
308.4221
328.9792
0.1 0.4 0.2
161.5658
223.8936
237.5154
280.1133
325.9361
343.8964
0.1 0.4 0.3
187.4108
199.276
255.5773
263.1678
343.3021
345.9228
0.1 0.4 0.4
166.5656
224.7641
235.9615
276.0131
332.4198
346.2388
0.1 0.4 -0.5
160.0364
206.0168
255.7942
284.9136
311.9769
334.0983
0.2 0.2 0.0
91.751
158.9702
244.8635
287.0978
304.4638
306.3914
0.2 0.2 0.1
98.3064
168.4806
257.4918
274.3091
281.9542
322.6545
0.2 0.2 0.2
132.1723
197.5631
238.2678
262.7311
291.5174
329.5687
0.2 0.2 0.3
182.0627
196.3998
233.1357
241.8614
318.8219
324.0877
0.2 0.2 0.4
147.3076
208.3608
226.7062
257.3805
301.0533
329.543
0.2 0.2 -0.5
105.3554
175.6071
263.6686
264.6009
278.7429
325.7829
0.2 0.3 0.0
130.942
196.2026
260.0636
280.263
309.0796
313.2984
0.2 0.3 0.1
130.0873
204.2713
263.7442
271.0793
306.489
322.7272
0.2 0.3 0.2
141.8689
224.7126
235.7477
279.8629
312.393
335.2352
0.2 0.3 0.3
177.2095
190.199
259.0871
266.0229
331.2762
334.7426
0.2 0.3 0.4
150.7726
217.7239
240.4968
277.1372
318.7504
336.771
0.2 0.3 -0.5
131.2147
210.2042
254.9237
276.4722
305.3678
327.423
0.2 0.4 0.0
167.4748
223.4708
256.6268
268.4379
309.5257
329.3557
0.2 0.4 0.1
164.2112
229.8064
250.5898
279.7313
318.7739
325.5091
0.2 0.4 0.2
162.0533
223.9103
254.252
292.3074
325.4306
336.6067
0.2 0.4 0.3
180.5305
190.4738
277.9347
283.525
337.9544
340.0072
0.2 0.4 0.4
165.0348
214.3762
261.8698
291.3868
329.4993
339.333
0.2 0.4 -0.5
162.4734
233.3519
246.7136
285.5051
321.5403
326.8311
0.3 0.3 0.0
171.2706
196.3255
269.5286
277.4564
305.7341
322.5781
0.3 0.3 0.1
165.942
204.1835
260.4145
284.6085
310.4739
328.9039
0.3 0.3 0.2
163.7781
226.8146
237.2683
282.3266
327.0991
343.9449
0.3 0.3 0.3
187.5762
199.0625
258.5547
265.9694
343.8704
346.3596
0.3 0.3 0.4
168.068
224.2837
239.1196
278.4352
333.3659
346.4132
0.3 0.3 -0.5
163.585
209.8926
254.3317
286.2474
313.8224
333.9198
P	=	499.45	V	=	121.4674	E	=	-655.43416934
0.0 0.0 0.0
0.0
0.0
0.0
276.2731
276.2731
427.3711
0.0 0.0 0.1
52.2735
52.2735
125.7209
264.5729
264.5729
407.9366
0.0 0.0 0.2
119.9552
119.9552
237.1633
237.1633
245.0893
374.8194
0.0 0.0 0.3
183.2025
183.2025
198.3736
198.3736
327.3196
342.2864
0.0 0.0 0.4
140.5372
140.5372
227.034
227.034
274.9713
366.154
0.0 0.0 -0.5
71.4392
71.4392
163.3519
257.4637
257.4637
397.6296
0.0 0.1 0.0
4.8783
71.0833
120.8747
283.413
290.3686
415.7593
0.0 0.1 0.1
76.3303
89.6504
160.4007
272.4274
278.458
399.0126
0.0 0.1 0.2
141.016
141.6024
247.056
249.6493
252.2512
370.6228
0.0 0.1 0.3
197.7876
198.4342
211.5951
212.4981
326.2064
340.3838
0.0 0.1 0.4
159.5066
159.6023
237.7731
239.9822
278.104
362.871
0.0 0.1 -0.5
96.1086
102.6487
185.6944
265.7998
271.1251
390.2097
0.0 0.2 0.0
57.6975
131.5892
223.1173
299.3353
321.6882
386.6539
0.0 0.2 0.1
86.6379
143.9721
242.7831
289.8376
306.0614
380.3191
0.0 0.2 0.2
151.5123
182.6347
268.6815
270.4516
291.6045
369.1911
0.0 0.2 0.3
212.9516
227.987
228.2913
239.6741
339.8341
349.9091
0.0 0.2 0.4
171.5484
196.9356
258.4824
261.1047
307.7139
365.0859
0.0 0.2 -0.5
104.3228
153.1309
255.3932
284.2137
296.5389
377.0994
0.0 0.3 0.0
124.72
173.7934
294.6997
314.2575
351.3539
353.7365
0.0 0.3 0.1
129.5591
183.3337
305.9948
308.4144
319.5234
374.5523
0.0 0.3 0.2
160.5236
215.1946
277.1343
288.3629
342.6365
383.754
0.0 0.3 0.3
213.598
229.5932
254.52
264.2621
371.8481
377.4199
0.0 0.3 0.4
175.455
227.4377
263.777
282.1607
352.6968
383.7103
0.0 0.3 -0.5
135.2592
190.6494
301.2143
305.7788
319.2818
378.6914
0.0 0.4 0.0
192.4765
195.6213
323.2851
328.5998
334.8713
368.7059
0.0 0.4 0.1
188.4366
202.5904
313.1431
315.604
349.6072
383.3775
0.0 0.4 0.2
191.0746
230.4258
282.4893
299.6182
377.2959
401.1067
0.0 0.4 0.3
224.408
238.4952
267.8588
277.2002
398.4795
401.8315
0.0 0.4 0.4
197.7743
241.9067
270.5405
293.9772
385.0094
403.3089
0.0 0.4 -0.5
187.0294
208.5641
305.3445
311.2301
357.4821
389.8759
0.0 -0.5 0.0
202.3693
244.529
311.6358
327.1173
352.4137
373.8867
0.0 -0.5 0.1
207.2715
233.4262
309.1295
319.5372
367.498
388.3274
0.0 -0.5 0.2
220.0521
232.9478
290.4523
303.7485
393.6412
411.7189
0.0 -0.5 0.3
240.2071
252.2819
271.0933
280.7953
412.2909
415.1164
0.0 -0.5 0.4
221.8319
244.4286
280.6192
298.0681
400.4781
415.0788
0.0 -0.5 -0.5
212.3147
227.7377
305.7555
315.2342
375.347
396.3742
0.1 0.1 0.0
24.9283
98.9364
165.7712
289.8854
302.143
405.1208
0.1 0.1 0.1
78.528
113.9508
193.5304
279.5139
289.516
391.3881
0.1 0.1 0.2
148.3277
159.049
255.8506
259.1396
263.838
368.3915
0.1 0.1 0.3
206.3673
210.0949
220.9248
223.4041
328.5028
341.4412
0.1 0.1 0.4
167.5086
175.2337
247.2146
248.7447
285.9507
361.785
0.1 0.1 -0.5
99.8941
124.8698
211.7776
273.2971
281.6601
384.28
0.1 0.2 0.0
69.3321
150.6774
237.2988
308.0691
326.9304
378.1308
0.1 0.2 0.1
89.8017
162.362
255.5941
299.3164
308.8903
375.9689
0.1 0.2 0.2
147.9832
197.9787
270.5285
277.9441
302.0985
370.0475
0.1 0.2 0.3
208.9571
223.3277
242.9185
252.2649
344.8586
353.8617
0.1 0.2 0.4
167.5364
210.9605
258.164
271.4462
316.1613
366.9523
0.1 0.2 -0.5
104.5327
170.858
266.9255
294.3493
298.4479
374.5927
0.1 0.3 0.0
128.9152
192.1549
288.3061
330.6873
346.518
351.4382
0.1 0.3 0.1
131.1708
201.9182
299.2145
312.8783
329.0489
372.0386
0.1 0.3 0.2
156.6882
231.5428
272.1362
299.1298
345.5496
382.7874
0.1 0.3 0.3
206.6241
222.0937
269.962
278.5191
372.4859
377.6724
0.1 0.3 0.4
170.33
241.2128
260.3013
294.1879
354.6038
383.13
0.1 0.3 -0.5
135.2709
209.0089
299.7557
304.4885
329.638
376.6613
0.1 0.4 0.0
189.5355
214.6416
313.9638
320.5386
346.9686
369.2623
0.1 0.4 0.1
183.9276
223.4833
304.1178
319.7269
354.0749
379.9204
0.1 0.4 0.2
184.5918
249.4409
273.5558
313.3654
375.1266
396.8202
0.1 0.4 0.3
214.9766
228.1841
285.6055
293.8328
395.02
398.1379
0.1 0.4 0.4
190.4837
254.6247
266.941
308.6785
382.2722
399.1438
0.1 0.4 -0.5
181.9638
229.6982
295.9288
319.8371
358.8355
385.8355
0.2 0.2 0.0
109.0247
175.2634
277.3624
319.0585
344.8896
358.0249
0.2 0.2 0.1
115.9283
185.5881
290.7798
310.8187
318.528
372.2049
0.2 0.2 0.2
153.0272
217.6796
273.2188
290.3895
332.4834
378.6278
0.2 0.2 0.3
208.7665
224.4445
257.9138
267.1268
363.9511
370.2387
0.2 0.2 0.4
169.3535
229.3719
260.3151
284.5081
343.0337
377.9661
0.2 0.2 -0.5
123.3176
193.1731
295.5374
302.9056
314.3775
375.3786
0.2 0.3 0.0
151.0087
217.604
293.7443
330.627
349.7745
355.5991
0.2 0.3 0.1
149.6434
226.5587
304.7314
307.2356
347.8914
370.9734
0.2 0.3 0.2
162.873
250.0369
271.4167
311.541
358.1968
385.4494
0.2 0.3 0.3
203.4988
218.0232
288.3843
295.7762
379.8096
383.8323
0.2 0.3 0.4
172.7698
248.1149
270.067
308.3971
365.2975
386.8543
0.2 0.3 -0.5
150.7481
232.8523
296.1032
309.953
347.9379
376.6088
0.2 0.4 0.0
191.1622
249.7465
302.8873
305.1714
355.3616
375.6737
0.2 0.4 0.1
186.7696
256.8458
292.5147
317.5576
366.7497
373.2462
0.2 0.4 0.2
184.3398
255.6057
287.4539
328.981
374.8748
388.3867
0.2 0.4 0.3
206.3902
217.6629
312.0567
318.1446
389.5338
391.8582
0.2 0.4 0.4
187.8712
245.4534
294.6629
327.5252
379.6577
391.2933
0.2 0.4 -0.5
184.6895
260.8998
286.7901
323.226
368.8257
376.8161
0.3 0.3 0.0
194.5015
219.296
314.5494
316.8743
349.1641
370.8109
0.3 0.3 0.1
188.2165
228.2277
302.0817
321.068
356.5924
380.0737
0.3 0.3 0.2
186.8756
253.1208
273.1158
316.2919
376.7432
397.1075
0.3 0.3 0.3
214.9793
227.7745
289.3446
297.3893
395.9842
398.941
0.3 0.3 0.4
191.9934
255.071
269.7254
311.8273
383.6675
399.5881
0.3 0.3 -0.5
185.7966
234.3525
294.277
321.7946
361.1201
385.8704
P	=	750.75	V	=	115.9776	E	=	-655.41101039
0.0 0.0 0.0
-0.0
-0.0
0.0
291.5346
291.5346
467.7826
0.0 0.0 0.1
53.3522
53.3523
136.1035
278.9985
278.9985
446.472
0.0 0.0 0.2
125.3132
125.3132
249.9121
249.9121
264.8768
408.8889
0.0 0.0 0.3
192.9704
192.9704
208.8348
208.8348
354.4095
370.8973
0.0 0.0 0.4
146.9687
146.9687
239.4168
239.4168
296.6498
398.8525
0.0 0.0 -0.5
73.1781
73.1781
175.9906
271.5671
271.5671
435.2137
0.0 0.1 0.0
18.4405
73.816
129.5132
299.1846
307.1544
455.5293
0.0 0.1 0.1
82.6969
93.0326
173.0545
287.3969
294.6194
437.1648
0.0 0.1 0.2
148.2641
149.2398
260.3627
264.5718
272.3906
404.6299
0.0 0.1 0.3
208.2548
209.7269
222.6936
224.4275
353.4401
369.0791
0.0 0.1 0.4
167.0565
168.3669
250.6991
254.0213
300.3389
395.541
0.0 0.1 -0.5
102.4461
106.4772
200.1761
280.448
287.0382
427.4998
0.0 0.2 0.0
68.5436
137.2229
239.8387
316.4342
342.3883
424.6134
0.0 0.2 0.1
97.6843
150.6016
261.8332
306.2074
326.7385
416.9818
0.0 0.2 0.2
163.7292
191.9483
283.4279
289.4252
315.0337
402.5558
0.0 0.2 0.3
227.5482
240.4823
243.3197
252.3784
367.7133
378.9338
0.0 0.2 0.4
183.9591
206.8906
275.4456
276.6884
332.1745
397.325
0.0 0.2 -0.5
115.2661
160.2364
275.4303
300.2658
317.1778
413.0094
0.0 0.3 0.0
137.4269
182.4322
318.3801
333.092
377.2001
388.9468
0.0 0.3 0.1
142.8901
192.9896
324.1666
333.5858
346.6727
408.0487
0.0 0.3 0.2
174.8823
227.1457
299.9299
304.9645
370.9765
417.0696
0.0 0.3 0.3
230.4726
247.4359
268.7683
278.9458
402.3687
408.5446
0.0 0.3 0.4
189.9999
239.8797
285.3811
298.342
381.5041
416.5172
0.0 0.3 -0.5
148.7564
200.762
319.076
331.375
345.9587
412.3371
0.0 0.4 0.0
207.0469
207.754
343.8299
360.4529
363.7993
399.8374
0.0 0.4 0.1
203.799
214.7723
335.527
341.2284
380.1573
417.2822
0.0 0.4 0.2
206.9734
244.4571
306.137
318.0292
409.8211
436.439
0.0 0.4 0.3
242.4977
257.467
283.9651
293.7261
432.6507
436.3608
0.0 0.4 0.4
213.9037
256.3468
293.0047
311.9673
417.9305
438.5428
0.0 0.4 -0.5
202.5039
221.0887
330.8549
332.3193
388.4656
424.3881
0.0 -0.5 0.0
215.795
262.2618
340.4237
348.8642
384.2942
409.0999
0.0 -0.5 0.1
221.1495
250.8674
336.0883
340.6813
400.1853
424.596
0.0 -0.5 0.2
237.3281
248.2781
314.0359
323.4306
428.3529
449.0848
0.0 -0.5 0.3
259.2576
272.0542
288.4549
298.5855
449.0606
452.2269
0.0 -0.5 0.4
239.303
260.1219
303.2542
317.3392
435.755
452.5029
0.0 -0.5 -0.5
226.4062
245.147
331.8857
336.0924
408.3865
432.9122
0.1 0.1 0.0
35.6551
102.9524
177.7801
306.1982
320.2809
444.2704
0.1 0.1 0.1
87.0772
118.7983
208.5342
295.0608
307.2075
429.1131
0.1 0.1 0.2
158.3118
166.8465
269.7563
275.3346
285.0947
402.2365
0.1 0.1 0.3
218.779
221.2732
233.9989
235.3461
355.8815
370.2007
0.1 0.1 0.4
177.7978
183.8003
260.7688
264.212
308.8115
394.3364
0.1 0.1 -0.5
108.3486
130.1673
228.1808
288.5261
299.1767
421.1984
0.1 0.2 0.0
80.6838
157.713
254.7218
326.6597
348.298
415.5253
0.1 0.2 0.1
101.3871
170.52
275.0898
317.5147
330.4624
411.9949
0.1 0.2 0.2
160.2726
208.5651
290.1387
293.8069
326.5483
403.1776
0.1 0.2 0.3
223.4069
237.8794
257.1946
266.3217
373.0821
383.0978
0.1 0.2 0.4
179.9564
222.0419
277.0318
286.8701
341.4556
399.0715
0.1 0.2 -0.5
115.9235
179.4983
286.9527
312.7066
319.9732
409.9174
0.1 0.3 0.0
142.0321
202.3987
309.0323
353.755
377.3461
381.2435
0.1 0.3 0.1
144.5158
213.3957
319.5985
339.0851
354.6991
404.9555
0.1 0.3 0.2
170.3945
245.0724
294.3654
317.6185
374.4335
415.9448
0.1 0.3 0.3
222.4286
238.6332
286.3557
295.1121
403.2535
408.9544
0.1 0.3 0.4
184.1034
255.1833
281.3903
312.1722
383.8914
415.8616
0.1 0.3 -0.5
148.604
220.9766
320.7586
328.694
356.2967
409.8869
0.1 0.4 0.0
205.0229
227.7167
336.2644
351.9863
374.5774
400.1939
0.1 0.4 0.1
198.8701
237.9104
329.6382
343.2976
384.337
413.2842
0.1 0.4 0.2
199.3984
265.5329
295.8116
334.4668
407.6703
431.7029
0.1 0.4 0.3
231.4275
245.3291
304.2813
312.8316
428.99
432.3983
0.1 0.4 0.4
205.3667
271.7842
287.4014
329.2329
415.166
433.9652
0.1 0.4 -0.5
196.8127
244.5609
320.8325
342.4796
389.821
419.8357
0.2 0.2 0.0
121.3937
184.0221
297.9434
339.5966
369.38
393.7773
0.2 0.2 0.1
128.7719
195.5292
311.4753
332.9977
343.7047
406.1188
0.2 0.2 0.2
166.5326
229.9087
294.6517
307.9114
359.8548
411.6327
0.2 0.2 0.3
224.5282
240.861
273.0476
282.4455
393.7296
400.6924
0.2 0.2 0.4
182.9657
242.0239
280.9448
301.3623
370.9172
410.349
0.2 0.2 -0.5
136.1757
203.6119
314.442
327.4205
339.0302
409.165
0.2 0.3 0.0
165.155
230.2406
314.59
363.908
376.1107
382.7742
0.2 0.3 0.1
163.6756
240.4189
326.2722
334.4492
375.7189
403.0446
0.2 0.3 0.2
176.6949
265.5652
294.2036
331.6977
388.7459
418.7762
0.2 0.3 0.3
219.0191
234.3174
306.8415
314.4126
411.7257
416.0729
0.2 0.3 0.4
186.5609
265.5523
289.9484
328.1832
396.1727
419.9738
0.2 0.3 -0.5
164.6625
247.1453
322.115
331.267
376.5988
409.3425
0.2 0.4 0.0
207.4324
266.057
328.024
333.1166
384.0579
406.2054
0.2 0.4 0.1
202.4274
274.168
319.2583
341.619
397.8246
405.0064
0.2 0.4 0.2
198.9342
274.6665
309.374
352.4862
407.7075
422.3504
0.2 0.4 0.3
221.6989
233.615
333.7684
340.0946
423.3364
425.7734
0.2 0.4 0.4
202.2553
264.0949
315.9939
350.6229
412.8026
425.3319
0.2 0.4 -0.5
200.0597
278.5609
312.3878
347.3231
400.1926
409.5815
0.3 0.3 0.0
210.2833
232.9117
337.0757
347.9072
377.1457
402.1193
0.3 0.3 0.1
203.3371
243.2345
327.8467
344.6431
387.085
413.5507
0.3 0.3 0.2
201.7032
269.6888
295.3003
337.8715
409.5478
432.1103
0.3 0.3 0.3
231.3073
244.776
308.552
316.9203
430.1953
433.4244
0.3 0.3 0.4
206.8659
272.9961
289.8004
332.8848
416.8265
434.5566
0.3 0.3 -0.5
200.7875
249.7876
319.179
344.716
392.3509
419.9623
P	=	1000.77	V	=	111.5123	E	=	-655.38454451
0.0 0.0 0.0
-0.0
-0.0
0.0
304.9923
304.9923
503.0017
0.0 0.0 0.1
52.1893
52.1893
144.3161
291.7184
291.7184
480.2498
0.0 0.0 0.2
130.0782
130.0782
261.9817
261.9817
282.0289
439.4565
0.0 0.0 0.3
203.4263
203.4263
219.9666
219.9666
379.0838
397.0489
0.0 0.0 0.4
153.4531
153.4531
251.547
251.547
315.866
428.4372
0.0 0.0 -0.5
73.0107
73.0107
186.28
284.1006
284.1006
468.3133
0.0 0.1 0.0
23.3715
75.9141
136.9198
313.0748
321.9431
490.1692
0.0 0.1 0.1
86.8097
94.7774
183.6701
300.6358
308.943
470.6011
0.0 0.1 0.2
153.9614
156.4198
272.8234
278.1763
290.3735
435.1035
0.0 0.1 0.3
218.8052
221.0179
233.9151
236.3828
378.2294
395.2564
0.0 0.1 0.4
174.1304
176.6002
263.1008
267.4148
320.1844
425.0456
0.0 0.1 -0.5
106.8453
108.6635
212.4425
293.5024
301.2435
460.3372
0.0 0.2 0.0
75.6916
141.7144
254.2653
331.5029
360.6591
457.6405
0.0 0.2 0.1
105.9665
155.6612
278.4736
320.793
345.1075
449.2156
0.0 0.2 0.2
174.3406
199.7218
296.9879
306.6306
335.9672
432.4908
0.0 0.2 0.3
240.9522
251.6775
257.4721
264.1957
392.9945
405.275
0.0 0.2 0.4
195.0613
215.5276
288.726
293.3025
354.1775
426.4076
0.0 0.2 -0.5
123.9353
165.708
293.0504
314.6679
335.5762
444.7743
0.0 0.3 0.0
147.3702
189.6377
338.9977
349.8005
400.1453
419.6091
0.0 0.3 0.1
153.903
201.0331
340.4838
355.8563
370.5019
437.9657
0.0 0.3 0.2
187.5954
237.2837
320.07
320.3554
396.3211
446.9312
0.0 0.3 0.3
245.5759
263.4396
281.3414
292.0638
429.6899
436.4283
0.0 0.3 0.4
203.0106
250.5639
304.754
313.0296
407.2938
445.9486
0.0 0.3 -0.5
160.2101
209.2102
335.197
354.013
369.6981
442.4136
0.0 0.4 0.0
216.9595
220.7775
362.2333
388.3616
389.268
427.5867
0.0 0.4 0.1
217.1823
225.4188
353.4894
366.1213
407.3421
447.5682
0.0 0.4 0.2
221.2435
256.8089
327.3053
334.697
438.8899
467.9621
0.0 0.4 0.3
258.6583
274.4155
298.291
308.5108
463.002
467.0309
0.0 0.4 0.4
228.4127
269.1085
313.09
328.2103
447.3061
469.9439
0.0 0.4 -0.5
216.134
232.0751
348.5871
356.3481
416.149
455.2256
0.0 -0.5 0.0
227.7247
277.9029
365.8919
368.4936
412.7078
440.4198
0.0 -0.5 0.1
233.6235
266.3841
359.7584
359.9979
429.4922
456.9724
0.0 -0.5 0.2
252.9487
262.2311
334.9853
341.199
459.4198
482.3656
0.0 -0.5 0.3
276.3177
289.7098
304.2171
314.728
481.6694
485.1218
0.0 -0.5 0.4
255.0994
274.4424
323.3564
334.7434
467.2348
485.7835
0.0 -0.5 -0.5
239.151
260.7095
354.9023
355.0911
438.0676
465.5531
0.1 0.1 0.0
41.4686
106.0816
188.1004
320.5601
336.2641
478.3531
0.1 0.1 0.1
93.0623
122.0797
221.4152
308.8534
322.9293
462.1839
0.1 0.1 0.2
166.9399
173.4313
282.6631
290.2033
304.0214
432.558
0.1 0.1 0.3
230.6054
232.1462
246.2384
247.341
380.7896
396.3982
0.1 0.1 0.4
187.1579
191.5319
273.5352
278.7238
329.3218
423.7099
0.1 0.1 -0.5
114.6661
133.8554
242.3663
302.1401
314.8362
453.7276
0.1 0.2 0.0
88.4627
163.362
269.7338
343.0948
367.1903
448.0462
0.1 0.2 0.1
110.1923
177.0044
292.0247
333.9284
349.575
443.7517
0.1 0.2 0.2
170.9541
217.4291
307.2498
308.9033
348.4577
432.9229
0.1 0.2 0.3
236.5204
250.924
270.3143
279.1764
398.6358
409.5857
0.1 0.2 0.4
191.034
231.5629
294.1304
301.0353
364.2293
428.0388
0.1 0.2 -0.5
125.0281
186.4152
304.2603
329.5664
339.1137
441.249
0.1 0.3 0.0
152.3712
210.9105
326.8401
374.4156
400.3755
411.451
0.1 0.3 0.1
155.5482
223.0609
337.3703
362.0928
377.938
434.4089
0.1 0.3 0.2
182.5045
256.5955
314.1493
334.543
400.3248
445.6721
0.1 0.3 0.3
236.4985
253.3155
300.8363
309.849
430.8157
436.9895
0.1 0.3 0.4
196.3949
267.1261
300.2896
328.478
410.159
445.2277
0.1 0.3 -0.5
159.9084
231.1019
338.3628
351.1933
380.3227
439.6187
0.1 0.4 0.0
218.2118
238.952
355.6496
379.4633
399.4156
427.7308
0.1 0.4 0.1
211.792
250.5642
351.0864
365.4937
411.444
443.1084
0.1 0.4 0.2
212.642
279.676
315.7101
353.6397
436.8035
462.8544
0.1 0.4 0.3
246.086
260.58
320.858
329.7485
459.2105
462.8733
0.1 0.4 0.4
218.7226
286.5569
306.047
347.7891
444.5687
465.0307
0.1 0.4 -0.5
209.8072
257.6529
342.4991
363.4083
417.5778
450.2388
0.2 0.2 0.0
130.7893
191.2311
315.622
357.9529
391.1047
424.8765
0.2 0.2 0.1
139.1507
203.7571
329.1616
353.1464
366.0919
436.3535
0.2 0.2 0.2
178.4058
240.2478
313.4215
324.2993
384.375
441.2533
0.2 0.2 0.3
238.6128
255.4609
286.5439
296.166
420.4817
428.0703
0.2 0.2 0.4
195.1011
252.8522
299.3439
316.7921
395.9416
439.46
0.2 0.2 -0.5
146.9044
212.2927
331.0061
349.1192
361.3999
439.3515
0.2 0.3 0.0
176.7009
240.8222
332.6539
392.8425
399.6049
406.9816
0.2 0.3 0.1
175.5298
252.2467
345.2004
358.5281
400.7862
431.7776
0.2 0.3 0.2
188.979
278.8805
314.6929
349.9318
416.1731
448.6301
0.2 0.3 0.3
232.8177
248.7854
323.0125
330.8285
440.2739
444.912
0.2 0.3 0.4
198.8954
280.2988
308.1149
345.9717
423.8753
449.6425
0.2 0.3 -0.5
176.6458
259.4041
344.8357
350.7272
402.423
438.6537
0.2 0.4 0.0
221.347
279.9952
347.9806
359.4081
409.7277
433.3692
0.2 0.4 0.1
216.033
289.2644
342.886
363.1482
425.6573
433.529
0.2 0.4 0.2
212.0339
291.4295
329.122
373.6649
437.1941
452.7416
0.2 0.4 0.3
235.3985
247.8882
352.8454
359.4466
453.4995
456.0284
0.2 0.4 0.4
215.2077
280.6473
334.9938
371.3235
442.5165
455.7645
0.2 0.4 -0.5
213.5694
294.0229
335.2594
369.008
428.4045
438.9387
0.3 0.3 0.0
223.7863
244.6302
356.6833
375.0262
402.3186
429.9887
0.3 0.3 0.1
216.4483
256.4289
349.8869
366.4756
414.4216
443.4767
0.3 0.3 0.2
214.9818
284.2771
315.1835
357.434
438.9227
463.366
0.3 0.3 0.3
245.8702
259.9165
325.6017
334.305
460.6279
464.0927
0.3 0.3 0.4
220.2255
288.4548
308.1487
351.8654
446.4704
465.7478
0.3 0.3 -0.5
213.9328
263.4184
341.0151
365.7293
420.346
450.4496
P	=	1499.21	V	=	104.5559	E	=	-655.32600675
0.0 0.0 0.0
-0.0
-0.0
0.0
329.3422
329.3422
562.7931
0.0 0.0 0.1
61.3703
61.3703
158.0478
315.903
315.903
537.562
0.0 0.0 0.2
142.2387
142.2387
283.6032
283.6032
310.1265
490.7342
0.0 0.0 0.3
218.7389
218.7389
236.2522
236.2522
419.5171
439.9218
0.0 0.0 0.4
165.6895
165.6895
272.0666
272.0666
346.9819
477.8775
0.0 0.0 -0.5
82.8389
82.8389
203.0326
308.142
308.142
524.4913
0.0 0.1 0.0
27.6021
80.6003
150.2065
338.0157
348.374
548.892
0.0 0.1 0.1
97.0743
104.6144
203.5451
325.56
335.6433
527.4088
0.0 0.1 0.2
167.5558
171.6075
295.3154
302.4967
320.5587
486.382
0.0 0.1 0.3
235.1445
238.6373
251.1708
254.9417
418.8167
438.1322
0.0 0.1 0.4
187.7941
191.7856
284.48
290.4769
352.7175
474.4511
0.0 0.1 -0.5
118.7423
119.6826
234.3189
318.3274
327.9463
516.1947
0.0 0.2 0.0
83.8258
151.2193
279.8607
358.2118
392.7925
513.4215
0.0 0.2 0.1
120.3769
169.0623
308.8786
347.7479
378.2091
504.3092
0.0 0.2 0.2
193.6284
216.6195
321.7811
337.136
372.3723
483.507
0.0 0.2 0.3
262.985
270.6657
280.7212
284.0021
434.8643
448.8485
0.0 0.2 0.4
214.3744
232.4575
312.4055
322.2604
391.4867
475.6483
0.0 0.2 -0.5
139.9022
180.2436
324.9791
341.6011
368.9373
499.2965
0.0 0.3 0.0
160.5903
203.9262
375.0447
379.2697
440.2962
471.1678
0.0 0.3 0.1
171.7372
218.4409
370.2377
394.9575
412.2662
490.0005
0.0 0.3 0.2
209.3799
257.7814
347.8255
356.0738
440.4154
498.565
0.0 0.3 0.3
270.3823
289.8749
303.7183
315.1961
475.8207
483.4722
0.0 0.3 0.4
224.7768
271.1249
338.3763
339.7248
451.5828
496.4923
0.0 0.3 -0.5
179.5794
227.5912
364.9342
393.5466
411.8597
494.8118
0.0 0.4 0.0
235.5026
239.7007
394.8086
433.3784
435.0944
475.9426
0.0 0.4 0.1
238.3983
246.3033
386.0306
408.8117
454.7026
500.3822
0.0 0.4 0.2
244.8255
280.4338
363.9521
365.1587
489.0685
522.5875
0.0 0.4 0.3
285.0561
302.315
323.955
334.8638
514.667
519.2548
0.0 0.4 0.4
252.1305
292.8939
347.6535
357.7274
497.6878
524.0675
0.0 0.4 -0.5
238.3103
253.7389
380.9964
398.0
464.2975
508.9703
0.0 -0.5 0.0
249.2084
301.7373
403.4146
408.3418
461.9393
494.5052
0.0 -0.5 0.1
256.8813
290.9975
394.2165
400.5148
480.3236
513.1053
0.0 -0.5 0.2
278.3693
288.0125
370.6202
373.3816
512.9368
539.8078
0.0 -0.5 0.3
304.0975
318.6251
332.2123
343.3225
537.2901
541.2272
0.0 -0.5 0.4
280.7013
300.4669
357.3917
366.1063
521.2021
542.997
0.0 -0.5 -0.5
263.0451
285.7679
389.0767
394.695
489.4649
522.1251
0.1 0.1 0.0
47.1844
112.8988
206.5315
346.2077
364.6032
536.0539
0.1 0.1 0.1
104.8591
133.3785
245.5116
334.627
351.8298
518.4579
0.1 0.1 0.2
183.7802
188.4735
306.083
316.769
336.3711
483.774
0.1 0.1 0.3
248.8692
250.3821
264.9133
267.5058
421.6526
439.3726
0.1 0.1 0.4
203.9491
206.6809
295.8535
303.9374
363.4051
473.0453
0.1 0.1 -0.5
128.0011
146.3487
268.2437
327.8613
343.8448
509.2017
0.1 0.2 0.0
97.5853
174.9645
296.0157
372.3789
400.2972
502.9163
0.1 0.2 0.1
125.1787
192.5109
322.2287
364.5078
383.6918
498.2057
0.1 0.2 0.2
190.1166
236.1338
334.1811
339.7398
386.6211
483.828
0.1 0.2 0.3
257.9495
272.1339
293.1283
301.2241
441.1252
453.5763
0.1 0.2 0.4
210.0985
250.138
323.7056
326.639
403.0039
477.2663
0.1 0.2 -0.5
141.4729
203.0523
334.6145
361.5896
373.4908
495.2377
0.1 0.3 0.0
166.1586
227.401
357.2479
411.2582
440.6563
462.2129
0.1 0.3 0.1
173.3749
243.0361
368.6533
401.9387
419.7768
485.8161
0.1 0.3 0.2
203.2437
279.3685
348.3394
365.7869
445.2873
497.1785
0.1 0.3 0.3
259.4357
277.3744
326.6422
335.9147
477.3687
484.3346
0.1 0.3 0.4
216.8981
289.7387
333.0339
358.1324
455.2158
495.7406
0.1 0.3 -0.5
179.0315
252.1243
369.692
390.8682
423.2098
491.5565
0.1 0.4 0.0
237.3493
259.586
389.12
425.4459
442.9569
475.7426
0.1 0.4 0.1
232.571
274.451
386.8752
405.8674
458.8849
495.2453
0.1 0.4 0.2
234.7492
306.0479
350.1648
388.4102
487.0226
516.929
0.1 0.4 0.3
269.9042
285.5611
350.2343
359.6484
510.594
514.7373
0.1 0.4 0.4
240.6625
312.9568
338.7335
381.2481
494.9203
518.6335
0.1 0.4 -0.5
231.3067
282.4917
379.4522
401.696
465.9384
503.354
0.2 0.2 0.0
142.9011
205.5471
346.0098
390.8238
429.1183
477.2103
0.2 0.2 0.1
156.1145
221.6171
359.9466
389.8568
405.6759
488.8137
0.2 0.2 0.2
198.9949
261.1884
344.969
355.5715
427.069
492.4055
0.2 0.2 0.3
261.6489
279.3583
310.5263
320.2828
465.4888
474.092
0.2 0.2 0.4
215.5299
273.6948
330.9008
345.1063
438.8544
489.3677
0.2 0.2 -0.5
165.3358
231.227
360.8988
387.2302
401.7919
491.8878
0.2 0.3 0.0
192.623
260.7308
363.4136
440.9432
441.3761
449.4069
0.2 0.3 0.1
194.5476
275.5439
378.286
399.9787
445.4922
482.1416
0.2 0.3 0.2
209.7618
304.3303
350.5462
382.939
463.642
500.5111
0.2 0.3 0.3
255.1709
272.4351
351.7892
359.9014
488.6095
493.7857
0.2 0.3 0.4
219.2759
306.319
340.9772
378.0418
471.3299
500.8228
0.2 0.3 -0.5
196.6728
283.6719
381.6883
388.0041
448.2006
490.0087
0.2 0.4 0.0
241.7344
305.1144
381.998
403.3102
454.4345
480.8105
0.2 0.4 0.1
237.9721
317.3672
383.2705
400.6595
474.4995
483.7024
0.2 0.4 0.2
233.9367
321.0649
364.5805
411.397
488.0297
505.625
0.2 0.4 0.3
257.3935
271.0576
386.3592
393.3931
504.663
507.4477
0.2 0.4 0.4
236.4551
309.3261
369.0109
408.155
493.3239
508.3371
0.2 0.4 -0.5
236.0123
322.9386
374.924
407.044
477.9182
490.4155
0.3 0.3 0.0
243.5043
266.0021
390.5392
420.3827
446.3921
478.5515
0.3 0.3 0.1
237.5752
281.0934
386.7704
406.0683
462.2299
495.7907
0.3 0.3 0.2
237.1382
311.2756
349.6487
392.7914
489.5269
517.6219
0.3 0.3 0.3
269.5069
284.696
355.7388
364.9715
512.3754
516.2947
0.3 0.3 0.4
242.1649
315.6277
340.6321
385.9978
497.2158
519.5689
0.3 0.3 -0.5
235.7022
289.0307
378.468
403.8636
469.0885
503.7114
P	=	2000.7	V	=	99.2007	E	=	-655.26264419
0.0 0.0 0.0
-0.0
-0.0
0.0
349.6039
349.6039
613.6162
0.0 0.0 0.1
69.1612
69.1612
170.0894
336.2213
336.2213
586.6425
0.0 0.0 0.2
152.117
152.117
301.7205
301.7205
334.287
535.0321
0.0 0.0 0.3
230.952
230.952
249.3838
249.3838
454.2266
476.7856
0.0 0.0 0.4
175.533
175.533
289.1299
289.1299
373.6966
520.6016
0.0 0.0 -0.5
91.2044
91.2044
217.6975
328.3723
328.3723
572.7572
0.0 0.1 0.0
27.5016
83.1146
161.0186
358.5318
370.1686
598.6935
0.0 0.1 0.1
105.7111
112.5576
220.5954
346.3706
357.9878
575.96
0.0 0.1 0.2
178.4925
184.1303
314.0131
322.8153
346.5888
530.542
0.0 0.1 0.3
247.8575
252.6243
264.7557
269.8019
453.5631
474.8687
0.0 0.1 0.4
198.6149
204.1257
302.0536
309.5888
380.6897
516.9988
0.0 0.1 -0.5
128.7915
128.8967
253.2818
339.1166
350.3609
564.0851
0.0 0.2 0.0
87.7092
157.1171
300.9519
379.7588
419.0802
560.4232
0.0 0.2 0.1
132.3067
179.6585
334.821
370.0334
405.8159
551.1896
0.0 0.2 0.2
209.9096
230.2288
342.1795
362.5508
403.7815
527.1937
0.0 0.2 0.3
280.4782
285.0947
299.1969
299.2681
470.5021
485.9191
0.0 0.2 0.4
230.3528
245.7951
331.5858
346.1726
423.5632
517.7868
0.0 0.2 -0.5
153.6414
192.1214
352.4396
363.9927
396.887
545.861
0.0 0.3 0.0
170.3814
214.1707
402.9583
405.1556
473.458
514.2891
0.0 0.3 0.1
187.0552
232.661
394.8055
428.1232
447.5264
534.2002
0.0 0.3 0.2
228.16
274.6899
370.6992
386.011
478.496
542.5729
0.0 0.3 0.3
290.3644
311.2209
321.0465
333.1842
514.9583
523.3199
0.0 0.3 0.4
243.1426
287.7329
361.4164
366.3511
489.6667
539.516
0.0 0.3 -0.5
196.5706
242.9694
389.6505
426.6791
448.2918
539.4443
0.0 0.4 0.0
250.252
255.6201
421.4013
470.5757
474.1633
516.6387
0.0 0.4 0.1
257.0883
264.087
413.1262
444.8396
495.4638
545.3155
0.0 0.4 0.2
265.4363
300.5821
390.5382
395.0353
532.3658
569.2762
0.0 0.4 0.3
306.8609
325.3641
344.6881
356.1341
558.6346
563.648
0.0 0.4 0.4
272.4939
312.8565
376.8082
382.1042
541.006
570.2708
0.0 0.4 -0.5
257.997
272.4583
408.1225
433.3294
505.9177
554.8428
0.0 -0.5 0.0
267.2733
322.3236
432.447
444.2347
503.6751
540.667
0.0 -0.5 0.1
277.2472
312.6748
423.1973
435.0701
523.931
561.4409
0.0 -0.5 0.2
300.6756
310.5701
400.4812
401.0898
558.9535
589.3632
0.0 -0.5 0.3
327.5256
342.977
355.6276
367.1427
584.8137
589.1983
0.0 -0.5 0.4
302.9018
322.9732
386.3794
392.4033
567.5093
592.2524
0.0 -0.5 -0.5
284.1711
307.9162
417.9093
428.5899
533.7036
570.9783
0.1 0.1 0.0
48.3509
116.8358
221.5787
367.1401
387.8439
584.8778
0.1 0.1 0.1
114.6449
142.3552
266.0722
356.0727
375.9548
566.4666
0.1 0.1 0.2
197.6534
200.6918
325.4572
338.9272
364.2834
527.7735
0.1 0.1 0.3
262.3325
265.3249
279.3499
283.746
456.5565
476.0893
0.1 0.1 0.4
217.2198
219.0743
314.0717
324.7836
392.7216
515.4202
0.1 0.1 -0.5
139.4163
156.5866
290.5423
349.3566
368.1516
556.6815
0.1 0.2 0.0
102.5235
182.7399
317.3474
396.3583
427.2718
549.028
0.1 0.2 0.1
137.5775
204.947
347.3618
390.5481
412.0268
544.489
0.1 0.2 0.2
206.2783
251.3348
355.9456
365.8572
419.5401
527.3645
0.1 0.2 0.3
274.6299
288.2711
311.354
318.4946
477.2321
490.931
0.1 0.2 0.4
225.8011
264.914
346.3267
349.2214
436.3361
519.3279
0.1 0.2 -0.5
155.6153
216.7647
359.6142
389.5052
402.1742
541.3086
0.1 0.3 0.0
176.4902
239.6809
381.4975
442.127
473.8564
504.4768
0.1 0.3 0.1
188.6642
259.5288
394.4051
435.1374
455.7314
529.4083
0.1 0.3 0.2
221.0424
298.2897
376.139
392.4952
484.1284
541.0302
0.1 0.3 0.3
277.4988
296.2443
347.2559
356.6686
516.8248
524.3872
0.1 0.3 0.4
234.0419
308.159
359.8891
382.7691
493.9642
538.6852
0.1 0.3 -0.5
195.7837
269.8156
395.6738
424.1419
460.3089
535.7335
0.1 0.4 0.0
253.3322
276.1064
416.1701
463.5627
479.5505
516.166
0.1 0.4 0.1
250.751
294.8186
415.8463
440.5933
499.6672
539.5272
0.1 0.4 0.2
253.987
328.5135
378.9501
417.8771
530.3468
563.0772
0.1 0.4 0.3
289.1705
305.7394
374.2956
384.1125
554.2399
558.7325
0.1 0.4 0.4
259.342
335.0029
366.0834
409.3023
538.1886
564.3129
0.1 0.4 -0.5
250.3188
303.9118
409.6059
434.8895
507.7047
548.614
0.2 0.2 0.0
151.3658
215.7592
370.3851
418.2129
460.3308
520.9605
0.2 0.2 0.1
170.5038
236.176
385.0521
421.2996
438.9664
533.3653
0.2 0.2 0.2
216.5808
278.4403
369.5985
383.1277
463.9318
536.0209
0.2 0.2 0.3
279.7781
297.9697
329.5794
339.305
503.6547
513.0595
0.2 0.2 0.4
232.5554
290.5204
356.1209
369.0962
475.7483
531.8629
0.2 0.2 -0.5
181.3851
247.0281
385.6897
419.1705
436.6201
536.6543
0.2 0.3 0.0
205.1977
276.2406
387.9544
475.3034
481.4725
484.7422
0.2 0.3 0.1
211.021
295.0157
405.6975
434.4192
484.0134
524.6764
0.2 0.3 0.2
227.6896
325.6098
380.5636
410.5412
504.6774
544.6016
0.2 0.3 0.3
272.7568
291.0435
375.0258
383.3349
529.5527
535.0903
0.2 0.3 0.4
236.3731
327.3964
368.6318
404.5867
512.1572
544.2572
0.2 0.3 -0.5
214.3165
304.235
410.2781
421.4579
487.8196
533.5497
0.2 0.4 0.0
258.5925
325.5486
409.4256
439.099
491.2635
521.0144
0.2 0.4 0.1
257.0798
341.2014
416.7412
432.207
516.0653
526.4329
0.2 0.4 0.2
252.9573
345.9133
394.7786
443.173
531.9414
550.5742
0.2 0.4 0.3
274.913
289.544
413.9185
421.2907
548.0008
550.9072
0.2 0.4 0.4
254.4557
333.0939
397.7719
438.9771
537.0021
552.9521
0.2 0.4 -0.5
255.8001
347.6604
408.2608
439.1421
520.6202
534.1112
0.3 0.3 0.0
260.0256
283.221
417.9333
457.9248
483.3838
519.5196
0.3 0.3 0.1
256.0618
302.1625
416.6031
440.2217
503.2825
540.2686
0.3 0.3 0.2
256.433
334.2996
378.5474
422.7147
533.1632
563.9479
0.3 0.3 0.3
288.642
304.7357
380.4932
390.1349
556.3287
560.5805
0.3 0.3 0.4
260.8609
338.2691
367.9765
414.6232
540.8055
565.4516
0.3 0.3 -0.5
254.9513
311.1379
409.2811
436.7257
511.1494
549.1327
P	=	2500.04	V	=	94.8938	E	=	-655.1969907
0.0 0.0 0.0
-0.0
0.0
0.0
368.038
368.038
657.8483
0.0 0.0 0.1
78.1005
78.1005
180.6496
355.0887
355.0887
629.6326
0.0 0.0 0.2
162.6521
162.6521
318.8846
318.8846
355.2484
574.0758
0.0 0.0 0.3
242.6754
242.6754
261.9175
261.9175
484.4819
509.0391
0.0 0.0 0.4
185.8078
185.8078
305.2812
305.2812
396.928
558.2178
0.0 0.0 -0.5
100.8976
100.8976
230.6034
347.2729
347.2729
615.1208
0.0 0.1 0.0
25.4216
85.3187
170.7234
377.0644
389.8269
642.0707
0.0 0.1 0.1
113.6911
120.8018
235.9634
365.5117
378.459
618.4442
0.0 0.1 0.2
189.5289
196.1581
331.5419
341.6685
369.4443
569.3797
0.0 0.1 0.3
259.9153
265.5916
277.598
283.5815
483.9614
507.0742
0.0 0.1 0.4
209.4421
215.9693
318.5345
327.3006
405.2352
554.4065
0.0 0.1 -0.5
138.3295
138.6159
270.3058
358.3417
370.9774
606.051
0.0 0.2 0.0
89.4765
162.3261
319.7832
398.9766
442.4723
601.4225
0.0 0.2 0.1
142.222
189.5626
358.0036
390.1843
430.5519
592.1646
0.0 0.2 0.2
224.4304
243.0211
360.9374
385.3835
431.5908
565.5303
0.0 0.2 0.3
296.108
298.4674
313.2845
315.8801
501.8523
518.5286
0.0 0.2 0.4
244.7405
258.3677
349.2597
367.6171
451.94
554.8027
0.0 0.2 -0.5
165.4769
203.3157
376.9593
384.3254
421.9405
586.5959
0.0 0.3 0.0
177.8353
223.3323
423.9439
431.8368
502.7576
551.9247
0.0 0.3 0.1
199.8348
245.5871
416.7975
457.4754
478.5931
572.9837
0.0 0.3 0.2
244.6867
290.126
391.4522
412.4969
512.0306
581.1873
0.0 0.3 0.3
308.1559
330.2328
336.8303
349.5934
549.292
558.282
0.0 0.3 0.4
259.497
302.9503
381.1361
391.1131
523.192
577.2812
0.0 0.3 -0.5
211.0175
257.0024
411.848
455.9535
480.4299
578.6117
0.0 0.4 0.0
263.6322
268.8071
444.9159
503.3434
508.2553
552.4241
0.0 0.4 0.1
273.0155
280.3486
437.2997
476.4963
531.3642
584.7679
0.0 0.4 0.2
283.5794
318.9517
413.4021
422.5359
570.4026
610.1837
0.0 0.4 0.3
326.2749
345.9023
363.398
375.3361
597.0818
602.4626
0.0 0.4 0.4
290.5635
331.0575
402.6344
404.0775
579.0312
610.7346
0.0 0.4 -0.5
274.9286
289.6067
432.3901
464.4113
542.5927
595.1136
0.0 -0.5 0.0
283.8302
339.7062
458.0873
475.6067
540.3879
581.0379
0.0 -0.5 0.1
296.0871
331.37
449.0211
465.4398
562.3834
603.7855
0.0 -0.5 0.2
320.4206
331.2655
424.8063
428.0263
599.438
632.734
0.0 -0.5 0.3
348.3129
364.5928
376.661
388.5191
626.3392
631.0869
0.0 -0.5 0.4
322.6252
343.5452
412.017
415.9889
608.1878
635.3309
0.0 -0.5 -0.5
303.7446
327.1618
443.6707
458.4309
572.7465
613.8129
0.1 0.1 0.0
47.4622
120.3005
235.0583
385.9447
408.6814
627.4298
0.1 0.1 0.1
123.1117
151.1469
284.5699
375.6543
397.8511
608.4458
0.1 0.1 0.2
210.3022
212.7087
343.4635
359.2054
388.9467
566.4177
0.1 0.1 0.3
274.8466
279.0353
292.8464
298.578
487.1801
508.3316
0.1 0.1 0.4
229.1358
231.4683
331.0209
343.8296
418.5885
552.6495
0.1 0.1 -0.5
149.6919
166.7128
310.569
369.083
390.2663
598.2418
0.1 0.2 0.0
105.2885
189.6106
336.259
417.782
451.2265
589.2501
0.1 0.2 0.1
147.796
216.3293
369.5252
414.2144
437.3108
584.9473
0.1 0.2 0.2
220.6488
265.3413
375.8047
389.2525
448.6417
565.5689
0.1 0.2 0.3
289.5162
302.7094
327.997
334.3433
508.993
523.789
0.1 0.2 0.4
239.9286
278.5839
365.4235
370.9543
465.7938
556.2782
0.1 0.2 -0.5
167.6856
229.3932
381.6171
414.9444
427.7627
581.6208
0.1 0.3 0.0
184.4468
250.5664
402.7722
469.585
503.1889
541.3122
0.1 0.3 0.1
201.4021
274.3062
417.3105
464.4207
487.5174
567.6757
0.1 0.3 0.2
236.7291
315.2679
400.3024
417.0503
518.2702
579.5089
0.1 0.3 0.3
293.6078
313.0037
365.8944
375.4333
551.4011
559.4999
0.1 0.3 0.4
249.3571
324.72
383.5515
405.204
528.0173
576.3753
0.1 0.3 -0.5
210.0032
285.7028
418.9119
453.4772
493.0656
574.5138
0.1 0.4 0.0
266.5658
290.8808
439.9528
496.7066
511.8471
551.6608
0.1 0.4 0.1
266.3101
313.0572
441.2603
471.4236
535.5541
578.3894
0.1 0.4 0.2
271.0059
348.5504
404.4458
444.3484
568.3414
603.5028
0.1 0.4 0.3
306.3729
323.7318
395.7913
405.9754
592.3543
597.1569
0.1 0.4 0.4
276.0048
354.5949
390.4763
434.4616
576.1054
604.304
0.1 0.4 -0.5
266.7477
323.1109
435.8819
464.713
544.4442
588.3336
0.2 0.2 0.0
157.5448
224.8203
391.7116
442.7704
487.9395
559.124
0.2 0.2 0.1
182.4255
249.3211
407.2718
449.3657
468.4191
572.4129
0.2 0.2 0.2
232.0916
294.0849
391.1946
408.2785
496.4057
574.2999
0.2 0.2 0.3
295.9115
314.4368
346.9654
356.6441
537.1582
547.2744
0.2 0.2 0.4
247.77
305.8354
377.9286
391.4135
508.2437
569.1805
0.2 0.2 -0.5
194.995
261.3476
407.915
447.4433
467.4279
575.9143
0.2 0.3 0.0
215.2659
289.9161
409.5692
505.5205
515.9931
516.3228
0.2 0.3 0.1
224.8473
312.2883
430.0897
464.6149
517.9941
562.0462
0.2 0.3 0.2
243.4821
344.4332
407.1959
435.3543
540.6429
583.2765
0.2 0.3 0.3
288.4804
307.634
395.7933
404.2968
565.3414
571.2193
0.2 0.3 0.4
251.6354
345.912
393.4106
428.4242
547.9269
582.3448
0.2 0.3 -0.5
229.3368
322.4919
435.4668
451.2147
522.7003
571.7904
0.2 0.4 0.0
272.5861
343.5227
433.5231
469.9765
523.6391
556.2157
0.2 0.4 0.1
273.3838
362.2457
445.8994
460.3195
552.5734
563.912
0.2 0.4 0.2
269.7513
367.7549
421.705
471.4356
570.3151
589.9467
0.2 0.4 0.3
290.5808
306.0792
438.2092
445.9087
585.73
588.7706
0.2 0.4 0.4
270.4887
354.0739
423.3789
466.3502
575.1332
591.9904
0.2 0.4 -0.5
272.8514
369.4755
437.6034
467.6867
558.0839
572.4542
0.3 0.3 0.0
273.7474
298.6022
442.0081
490.5394
516.0174
555.4584
0.3 0.3 0.1
271.916
320.9987
442.6133
470.6879
539.4009
579.2893
0.3 0.3 0.2
273.5165
354.7815
404.2092
449.5251
571.4204
604.5192
0.3 0.3 0.3
305.7315
322.615
402.5517
412.5677
594.6936
599.2401
0.3 0.3 0.4
277.5438
358.3073
392.441
440.2328
578.9902
605.6079
0.3 0.3 -0.5
271.6137
330.9172
436.1414
466.2451
548.1386
588.9844
P	=	2999.64	V	=	91.2944	E	=	-655.1298674
0.0 0.0 0.0
0.0
0.0
0.0
384.3273
384.3273
698.2623
0.0 0.0 0.1
87.2519
87.2519
193.5296
371.9562
371.9562
669.1355
0.0 0.0 0.2
173.235
173.235
334.3874
334.3874
377.2032
610.0085
0.0 0.0 0.3
253.5655
253.5655
273.3677
273.3677
513.0258
539.0038
0.0 0.0 0.4
195.9052
195.9052
319.9314
319.9314
420.3098
592.8748
0.0 0.0 -0.5
110.8357
110.8357
245.7372
364.2566
364.2566
654.1506
0.0 0.1 0.0
33.9816
87.7322
179.9383
393.5286
407.3556
681.8599
0.0 0.1 0.1
124.8374
129.145
251.4568
382.6749
396.8309
657.5339
0.0 0.1 0.2
200.2856
208.668
347.392
358.7542
392.4282
605.1468
0.0 0.1 0.3
271.0578
277.8682
289.3148
296.3841
512.6323
537.0634
0.0 0.1 0.4
219.8316
227.9049
333.4992
343.4648
429.3925
588.9258
0.0 0.1 -0.5
147.8386
150.4729
287.6879
375.6512
389.5432
644.7279
0.0 0.2 0.0
100.7945
167.6509
337.4012
416.2127
463.6101
639.4295
0.0 0.2 0.1
156.9126
199.1074
379.5946
408.3353
452.8978
629.977
0.0 0.2 0.2
240.2977
254.9462
377.9023
406.1975
457.6904
600.7939
0.0 0.2 0.3
310.682
311.488
326.0719
331.8118
531.1434
548.8273
0.0 0.2 0.4
259.959
269.9993
365.3001
387.395
478.5548
588.9483
0.0 0.2 -0.5
180.7746
213.9275
399.7438
402.6775
444.6216
624.1376
0.0 0.3 0.0
191.5398
232.1288
442.8055
456.269
529.3398
587.2524
0.0 0.3 0.1
216.2973
257.6402
436.6029
484.0731
507.0124
608.727
0.0 0.3 0.2
262.4615
304.1845
410.164
436.7946
542.6429
616.4141
0.0 0.3 0.3
325.9951
348.7862
351.0843
364.3722
580.8167
590.3441
0.0 0.3 0.4
276.791
316.7457
398.9562
414.139
553.8357
611.7943
0.0 0.3 -0.5
228.1877
269.9368
431.8585
482.5131
509.7529
614.5095
0.0 0.4 0.0
275.9561
284.915
465.8848
532.7756
540.4936
584.6877
0.0 0.4 0.1
290.7599
295.2137
458.9581
505.6424
563.7681
620.5935
0.0 0.4 0.2
302.3094
335.517
433.9415
447.8313
604.7337
647.1889
0.0 0.4 0.3
345.3663
365.6807
380.144
392.5003
631.893
637.5977
0.0 0.4 0.4
309.0238
347.4005
423.8363
426.6269
613.3694
647.3515
0.0 0.4 -0.5
293.2212
305.1919
454.1766
492.9706
575.6371
631.6037
0.0 -0.5 0.0
298.7562
357.7346
480.729
505.3076
573.0233
617.0931
0.0 -0.5 0.1
313.1205
350.4228
472.0298
493.6606
596.8002
641.9143
0.0 -0.5 0.2
340.0513
349.8316
446.6138
452.8077
635.799
671.8184
0.0 -0.5 0.3
368.1667
384.9462
395.3755
407.5305
663.6295
668.7035
0.0 -0.5 0.4
342.066
361.9169
435.7159
437.136
644.7015
674.1177
0.0 -0.5 -0.5
321.4004
346.6305
466.7111
486.0407
607.7215
652.4115
0.1 0.1 0.0
57.3635
123.9877
247.7812
402.7346
427.371
666.6094
0.1 0.1 0.1
135.8284
159.8628
302.316
393.2688
417.548
647.1161
0.1 0.1 0.2
222.6015
225.4633
359.7654
377.6213
412.9527
602.0103
0.1 0.1 0.3
286.3645
292.1218
305.2585
312.5309
516.0022
538.3723
0.1 0.1 0.4
240.2573
244.4202
346.4292
361.2807
443.5305
587.0271
0.1 0.1 -0.5
162.979
176.5997
329.889
386.8929
410.2074
636.5517
0.1 0.2 0.0
117.3115
196.5388
353.6488
437.3333
472.8699
626.6782
0.1 0.2 0.1
162.8557
227.21
389.6238
436.0851
460.1221
622.3141
0.1 0.2 0.2
236.4356
278.3619
393.8454
410.5778
475.7055
600.6699
0.1 0.2 0.3
304.0843
316.1648
343.8325
349.0716
538.571
554.2619
0.1 0.2 0.4
254.9783
291.2356
382.709
391.1557
493.2139
590.3224
0.1 0.2 -0.5
183.262
241.2846
401.4062
438.5709
450.8886
618.7622
0.1 0.3 0.0
198.621
261.0099
421.8558
494.7226
529.8259
576.0764
0.1 0.3 0.1
217.7371
288.1111
437.9232
490.9958
516.579
602.9433
0.1 0.3 0.2
253.6733
330.8623
421.8279
439.9036
549.3843
614.5602
0.1 0.3 0.3
309.7345
329.1664
383.2481
392.7572
583.12
591.6748
0.1 0.3 0.4
265.6563
339.9297
405.1328
425.9903
559.1027
610.7724
0.1 0.3 -0.5
226.8745
300.3943
439.8551
480.1299
522.8954
610.0225
0.1 0.4 0.0
282.9266
304.5483
461.1982
528.3513
540.9122
583.7183
0.1 0.4 0.1
283.5118
329.9835
464.053
499.9262
567.9566
613.6564
0.1 0.4 0.2
288.6174
366.9018
427.5552
468.519
602.6286
640.0391
0.1 0.4 0.3
323.3887
341.0646
415.5091
425.9742
626.9107
631.9814
0.1 0.4 0.4
293.1457
372.5893
412.8046
457.463
610.3622
640.4792
0.1 0.4 -0.5
284.3798
340.7889
459.4187
492.2327
577.5332
624.2891
0.2 0.2 0.0
170.9035
233.638
410.8849
465.3923
512.9908
594.9301
0.2 0.2 0.1
198.4316
261.6918
427.2285
474.9415
495.3237
608.4707
0.2 0.2 0.2
248.9256
308.4973
410.546
431.4979
526.1497
609.289
0.2 0.2 0.3
311.9407
330.0928
363.2885
372.699
568.0367
578.7548
0.2 0.2 0.4
263.9548
319.9111
397.3679
412.5279
538.0544
603.3636
0.2 0.2 -0.5
211.592
274.6646
427.9576
473.0527
495.6086
611.976
0.2 0.3 0.0
230.4965
302.8655
428.9567
532.848
544.4988
549.5623
0.2 0.3 0.1
241.6755
328.2648
452.0433
492.2388
548.8762
596.3301
0.2 0.3 0.2
260.4809
361.6907
431.4973
457.8778
573.2746
618.355
0.2 0.3 0.3
304.4376
323.8861
415.0338
423.6137
598.0306
604.1921
0.2 0.3 0.4
267.9459
362.9357
416.3187
450.156
580.4427
616.9514
0.2 0.3 -0.5
246.594
339.2459
458.0894
478.4356
554.3083
606.637
0.2 0.4 0.0
289.7124
360.1635
455.1262
500.0751
552.7907
588.0664
0.2 0.4 0.1
291.376
381.4875
472.642
485.9923
585.5719
597.7991
0.2 0.4 0.2
287.3322
387.8066
446.2541
496.9796
604.9331
625.4517
0.2 0.4 0.3
306.6377
322.5098
460.566
468.5087
620.0041
623.1467
0.2 0.4 0.4
287.3494
373.5926
446.8289
491.2197
609.6111
627.2561
0.2 0.4 -0.5
291.1218
389.3591
464.5453
493.3964
591.8067
607.071
0.3 0.3 0.0
290.3664
312.8008
463.5144
521.7639
545.3567
587.8944
0.3 0.3 0.1
289.2571
338.4462
465.943
498.9168
571.9768
614.6516
0.3 0.3 0.2
291.1459
373.5478
427.5153
473.9417
605.9203
641.1635
0.3 0.3 0.3
322.6553
339.87
422.7798
433.0855
629.4551
634.2564
0.3 0.3 0.4
294.6825
376.7441
414.8416
463.6029
613.4665
641.9091
0.3 0.3 -0.5
289.3588
349.1034
460.271
493.4484
581.4215
625.0241
P	=	5000.36	V	=	81.0062	E	=	-654.85583465
0.0 0.0 0.0
-0.0
-0.0
0.0
441.8065
441.8065
828.4268
0.0 0.0 0.1
107.8287
107.8287
223.976
427.2102
427.2102
795.3806
0.0 0.0 0.2
204.56
204.56
382.4443
382.4443
439.0519
724.788
0.0 0.0 0.3
291.0011
291.0011
312.1067
312.1067
603.0241
634.4126
0.0 0.0 0.4
228.025
228.025
366.0509
366.0509
488.5854
704.0029
0.0 0.0 -0.5
134.3795
134.3795
282.5527
418.4114
418.4114
778.682
0.0 0.1 0.0
62.7645
101.8869
215.9136
452.0536
470.1484
811.5145
0.0 0.1 0.1
151.618
153.7705
299.1155
439.751
458.4932
783.4841
0.0 0.1 0.2
233.993
246.3607
397.9627
413.9889
461.58
720.4897
0.0 0.1 0.3
310.3818
321.5154
330.0933
341.506
605.6756
634.8871
0.0 0.1 0.4
254.1861
266.4937
382.0534
396.6557
503.6684
700.9696
0.0 0.1 -0.5
174.9685
179.858
338.9075
431.8972
450.4875
769.0325
0.0 0.2 0.0
143.0948
193.8964
404.0684
477.7971
539.9856
766.3678
0.0 0.2 0.1
197.2523
232.6173
453.3876
469.9719
529.5659
753.95
0.0 0.2 0.2
288.4535
294.9937
434.392
475.8246
543.9808
717.0001
0.0 0.2 0.3
355.1131
367.3865
372.1338
389.5901
631.5474
652.486
0.0 0.2 0.4
309.4556
310.3359
419.6557
454.7819
567.4509
702.7976
0.0 0.2 -0.5
221.7535
249.3036
463.9972
475.4982
521.2166
746.7338
0.0 0.3 0.0
239.3215
268.1303
508.3932
544.4032
623.2751
706.8526
0.0 0.3 0.1
264.7971
300.0246
503.3343
573.8754
603.5391
727.5204
0.0 0.3 0.2
317.6039
352.0608
473.027
517.0292
645.583
733.9008
0.0 0.3 0.3
390.33
402.2941
415.3058
417.1426
690.3
701.5032
0.0 0.3 0.4
333.6033
364.6895
459.757
491.5776
657.9044
728.267
0.0 0.3 -0.5
277.4564
314.0112
498.6738
570.4903
608.3768
733.1529
0.0 0.4 0.0
320.0899
335.7414
534.4417
633.5178
647.7462
694.6504
0.0 0.4 0.1
342.8095
345.0903
529.2242
600.0854
671.2061
738.8645
0.0 0.4 0.2
359.1931
390.4893
501.6661
528.579
717.999
769.2137
0.0 0.4 0.3
410.2342
432.6714
437.8826
451.5435
749.859
756.6034
0.0 0.4 0.4
367.3398
402.3809
489.8445
504.3107
727.5947
769.1104
0.0 0.4 -0.5
346.1251
356.6777
524.8258
584.5606
684.298
751.2873
0.0 -0.5 0.0
348.7297
411.3484
550.4214
600.0925
680.5874
736.4471
0.0 -0.5 0.1
368.1258
405.349
543.7539
581.6644
707.6822
765.7925
0.0 -0.5 0.2
397.4752
409.5073
517.0369
528.7794
752.9856
798.814
0.0 -0.5 0.3
430.5802
449.0178
457.5657
470.7867
786.7684
793.0033
0.0 -0.5 0.4
400.2094
421.581
506.2505
508.9331
763.2263
800.8844
0.0 -0.5 -0.5
377.8674
402.3108
539.0654
571.4552
719.7777
777.2845
0.1 0.1 0.0
93.3811
144.1388
296.8529
462.7444
494.7877
795.5467
0.1 0.1 0.1
167.9657
188.5322
360.7455
452.574
484.5019
772.576
0.1 0.1 0.2
259.2554
266.8301
412.855
438.3956
488.666
717.7508
0.1 0.1 0.3
327.6948
338.5427
350.0881
362.5842
611.7666
638.3485
0.1 0.1 0.4
277.1927
287.0297
397.5307
419.9274
523.2826
699.7977
0.1 0.1 -0.5
196.5183
207.4774
391.0957
445.7255
476.6717
760.4412
0.1 0.2 0.0
162.4741
229.3204
418.0981
508.4027
550.8287
752.4551
0.1 0.2 0.1
205.2111
266.4187
456.4837
512.9068
538.2011
745.3505
0.1 0.2 0.2
284.5474
323.0366
454.346
481.9119
566.0578
716.8824
0.1 0.2 0.3
356.6637
364.996
401.8436
403.7609
640.7531
659.3035
0.1 0.2 0.4
304.1169
335.9563
441.7144
460.095
585.6543
704.446
0.1 0.2 -0.5
225.7257
282.1084
466.0761
519.5037
528.858
740.5225
0.1 0.3 0.0
249.0932
304.0489
490.4287
583.7445
623.9226
694.2917
0.1 0.3 0.1
266.5553
337.3711
507.8344
580.1785
615.5409
720.4231
0.1 0.3 0.2
306.5388
384.9091
491.6861
517.7439
654.0751
731.4232
0.1 0.3 0.3
368.3347
387.3798
446.7288
455.9915
693.13
703.0987
0.1 0.3 0.4
319.6508
393.8613
475.9529
498.8576
664.6568
726.788
0.1 0.3 -0.5
275.7939
351.2129
509.9381
568.1419
623.4095
727.5005
0.1 0.4 0.0
336.849
355.4304
533.846
634.5159
640.3006
693.2282
0.1 0.4 0.1
335.3923
387.539
538.6921
593.0581
675.5657
730.4208
0.1 0.4 0.2
342.8199
428.8216
501.3565
548.4904
715.9147
760.4748
0.1 0.4 0.3
382.7617
401.3334
484.6862
496.0774
744.0867
750.0033
0.1 0.4 0.4
348.2659
434.2222
485.4402
534.9285
724.4408
760.7425
0.1 0.4 -0.5
336.4355
399.8246
535.0811
581.9259
686.5807
742.3834
0.2 0.2 0.0
219.1682
271.4189
479.3924
547.2893
602.1811
716.3309
0.2 0.2 0.1
245.481
306.0016
494.7282
561.9314
587.427
728.1988
0.2 0.2 0.2
301.0656
358.2578
475.0709
509.2294
626.3248
725.9658
0.2 0.2 0.3
369.7095
385.8709
423.4568
432.108
675.465
688.0683
0.2 0.2 0.4
317.2669
369.744
461.4461
486.4724
639.4415
718.7684
0.2 0.2 -0.5
258.8838
320.643
495.1121
558.3481
590.8122
731.0844
0.2 0.3 0.0
284.5996
354.5043
499.6779
627.6696
644.244
662.9576
0.2 0.3 0.1
292.9941
385.1191
526.7118
583.6009
653.4589
710.6539
0.2 0.3 0.2
313.9616
421.7967
510.5957
533.7921
682.7407
734.8221
0.2 0.3 0.3
363.3107
383.3614
484.891
493.524
710.5753
717.565
0.2 0.3 0.4
322.4226
422.8975
493.1316
524.7176
690.3761
733.0663
0.2 0.3 -0.5
297.6242
397.3788
533.5375
567.4869
660.3865
721.7706
0.2 0.4 0.0
349.6126
423.2835
533.3307
602.4454
653.1213
696.8089
0.2 0.4 0.1
347.1087
448.6449
558.4578
573.2785
695.2418
710.5484
0.2 0.4 0.2
342.388
454.8318
526.7543
581.8968
719.7097
741.8913
0.2 0.4 0.3
365.736
382.5538
540.0648
548.6601
736.0993
739.4379
0.2 0.4 0.4
343.0916
439.5227
526.2258
575.3807
724.6707
743.943
0.2 0.4 -0.5
346.0575
457.3268
550.5796
578.5762
703.3548
720.7399
0.3 0.3 0.0
345.1832
365.5385
537.1372
626.4016
645.438
698.399
0.3 0.3 0.1
341.7364
397.7023
541.8815
591.3034
679.8976
731.6461
0.3 0.3 0.2
345.3847
436.7888
501.8503
554.5548
719.6663
761.7794
0.3 0.3 0.3
381.7279
399.9052
493.5872
504.8324
747.0421
752.6543
0.3 0.3 0.4
349.7492
439.5542
487.9169
542.1071
728.0165
762.3841
0.3 0.3 -0.5
341.8961
409.7924
537.3399
582.2823
690.861
743.2968

weight
   0.0000000   0.0000000   0.0000000   0.0020000   
   0.0000000   0.0000000   0.1000000   0.0040000   
   0.0000000   0.0000000   0.2000000   0.0040000   
   0.0000000   0.0000000   0.3000000   0.0040000   
   0.0000000   0.0000000   0.4000000   0.0040000   
   0.0000000   0.0000000  -0.5000000   0.0020000   
   0.0000000   0.1000000   0.0000000   0.0120000   
   0.0000000   0.1000000   0.1000000   0.0240000   
   0.0000000   0.1000000   0.2000000   0.0240000   
   0.0000000   0.1000000   0.3000000   0.0240000   
   0.0000000   0.1000000   0.4000000   0.0240000   
   0.0000000   0.1000000  -0.5000000   0.0120000   
   0.0000000   0.2000000   0.0000000   0.0120000   
   0.0000000   0.2000000   0.1000000   0.0240000   
   0.0000000   0.2000000   0.2000000   0.0240000   
   0.0000000   0.2000000   0.3000000   0.0240000   
   0.0000000   0.2000000   0.4000000   0.0240000   
   0.0000000   0.2000000  -0.5000000   0.0120000   
   0.0000000   0.3000000   0.0000000   0.0120000   
   0.0000000   0.3000000   0.1000000   0.0240000   
   0.0000000   0.3000000   0.2000000   0.0240000   
   0.0000000   0.3000000   0.3000000   0.0240000   
   0.0000000   0.3000000   0.4000000   0.0240000   
   0.0000000   0.3000000  -0.5000000   0.0120000   
   0.0000000   0.4000000   0.0000000   0.0120000   
   0.0000000   0.4000000   0.1000000   0.0240000   
   0.0000000   0.4000000   0.2000000   0.0240000   
   0.0000000   0.4000000   0.3000000   0.0240000   
   0.0000000   0.4000000   0.4000000   0.0240000   
   0.0000000   0.4000000  -0.5000000   0.0120000   
   0.0000000  -0.5000000   0.0000000   0.0060000   
   0.0000000  -0.5000000   0.1000000   0.0120000   
   0.0000000  -0.5000000   0.2000000   0.0120000   
   0.0000000  -0.5000000   0.3000000   0.0120000   
   0.0000000  -0.5000000   0.4000000   0.0120000   
   0.0000000  -0.5000000  -0.5000000   0.0060000   
   0.1000000   0.1000000   0.0000000   0.0120000   
   0.1000000   0.1000000   0.1000000   0.0240000   
   0.1000000   0.1000000   0.2000000   0.0240000   
   0.1000000   0.1000000   0.3000000   0.0240000   
   0.1000000   0.1000000   0.4000000   0.0240000   
   0.1000000   0.1000000  -0.5000000   0.0120000   
   0.1000000   0.2000000   0.0000000   0.0240000   
   0.1000000   0.2000000   0.1000000   0.0480000   
   0.1000000   0.2000000   0.2000000   0.0480000   
   0.1000000   0.2000000   0.3000000   0.0480000   
   0.1000000   0.2000000   0.4000000   0.0480000   
   0.1000000   0.2000000  -0.5000000   0.0240000   
   0.1000000   0.3000000   0.0000000   0.0240000   
   0.1000000   0.3000000   0.1000000   0.0480000   
   0.1000000   0.3000000   0.2000000   0.0480000   
   0.1000000   0.3000000   0.3000000   0.0480000   
   0.1000000   0.3000000   0.4000000   0.0480000   
   0.1000000   0.3000000  -0.5000000   0.0240000   
   0.1000000   0.4000000   0.0000000   0.0240000   
   0.1000000   0.4000000   0.1000000   0.0480000   
   0.1000000   0.4000000   0.2000000   0.0480000   
   0.1000000   0.4000000   0.3000000   0.0480000   
   0.1000000   0.4000000   0.4000000   0.0480000   
   0.1000000   0.4000000  -0.5000000   0.0240000   
   0.2000000   0.2000000   0.0000000   0.0120000   
   0.2000000   0.2000000   0.1000000   0.0240000   
   0.2000000   0.2000000   0.2000000   0.0240000   
   0.2000000   0.2000000   0.3000000   0.0240000   
   0.2000000   0.2000000   0.4000000   0.0240000   
   0.2000000   0.2000000  -0.5000000   0.0120000   
   0.2000000   0.3000000   0.0000000   0.0240000   
   0.2000000   0.3000000   0.1000000   0.0480000   
   0.2000000   0.3000000   0.2000000   0.0480000   
   0.2000000   0.3000000   0.3000000   0.0480000   
   0.2000000   0.3000000   0.4000000   0.0480000   
   0.2000000   0.3000000  -0.5000000   0.0240000   
   0.2000000   0.4000000   0.0000000   0.0120000   
   0.2000000   0.4000000   0.1000000   0.0240000   
   0.2000000   0.4000000   0.2000000   0.0240000   
   0.2000000   0.4000000   0.3000000   0.0240000   
   0.2000000   0.4000000   0.4000000   0.0240000   
   0.2000000   0.4000000  -0.5000000   0.0120000   
   0.3000000   0.3000000   0.0000000   0.0120000   
   0.3000000   0.3000000   0.1000000   0.0240000   
   0.3000000   0.3000000   0.2000000   0.0240000   
   0.3000000   0.3000000   0.3000000   0.0240000   
   0.3000000   0.3000000   0.4000000   0.0240000   
   0.3000000   0.3000000  -0.5000000   0.0120000   