Number of volumes (nv), q-vectors (nq), normal mode (np), formula units(nm)
10 84 6 1
P = -0.7900	V = 138.4189	E = -655.45762386000000	S_el = 0.00000111253333
0.0000000 0.0000000 0.0000000
0.0000
0.0000
0.0000
237.3697
237.3697
323.6787
0.0000000 0.0000000 0.1000000
0.0000
0.0000
0.0000
177.7751
177.7751
264.3758
0.0000000 0.0000000 0.2000000
0.0000
0.0000
115.1967
129.9563
130.6266
224.4508
0.0000000 0.0000000 0.3000000
148.7015
148.7015
163.0054
163.0054
256.5864
264.5824
0.0000000 0.0000000 0.4000000
0.0000
0.0000
144.5425
144.5425
180.9931
239.6186
0.0000000 0.0000000 -0.5000000
0.0000
0.0000
0.0000
148.1568
148.1568
237.3894
0.0000000 0.1000000 0.0000000
0.0000
0.0000
44.5051
230.8093
234.5552
300.3450
0.0000000 0.1000000 0.1000000
0.0000
0.0000
0.0000
175.4842
180.6814
245.8679
0.0000000 0.1000000 0.2000000
0.0000
0.0000
96.6152
123.8481
139.9472
212.2271
0.0000000 0.1000000 0.3000000
136.6625
150.1887
150.9486
163.9319
237.8630
246.8589
0.0000000 0.1000000 0.4000000
0.0000
22.0361
135.0151
149.9831
163.0562
226.0696
0.0000000 0.1000000 -0.5000000
0.0000
0.0000
0.0000
146.7952
154.6615
221.8870
0.0000000 0.2000000 0.0000000
0.0000
37.0633
97.5372
220.8295
229.7160
243.6697
0.0000000 0.2000000 0.1000000
0.0000
0.0000
55.9308
162.4215
188.1657
211.7751
0.0000000 0.2000000 0.2000000
0.0000
0.0000
89.7325
123.6864
155.4587
201.3466
0.0000000 0.2000000 0.3000000
81.3908
102.9135
158.3904
169.5964
216.4240
224.8918
0.0000000 0.2000000 0.4000000
0.0000
79.0500
96.1678
161.0962
162.7082
212.0808
0.0000000 0.2000000 -0.5000000
0.0000
0.0000
54.0054
128.7713
169.3036
199.9984
0.0000000 0.3000000 0.0000000
0.0000
82.7230
158.5700
194.9559
222.8697
230.9810
0.0000000 0.3000000 0.1000000
0.0000
0.0000
130.5861
145.5224
198.4335
210.3501
0.0000000 0.3000000 0.2000000
0.0000
57.0937
70.1888
172.2321
175.8482
214.3953
0.0000000 0.3000000 0.3000000
0.0000
56.0441
174.1210
184.6706
232.3297
237.1814
0.0000000 0.3000000 0.4000000
0.0000
62.0291
115.5693
177.0828
197.6926
224.6055
0.0000000 0.3000000 -0.5000000
0.0000
0.0000
98.5019
147.1774
181.6398
205.8587
0.0000000 0.4000000 0.0000000
64.4169
125.0807
189.8083
213.6234
244.8201
244.9823
0.0000000 0.4000000 0.1000000
0.0000
64.3994
140.1618
200.3157
205.4840
227.1287
0.0000000 0.4000000 0.2000000
0.0000
98.8120
103.1443
183.2959
220.2021
238.8410
0.0000000 0.4000000 0.3000000
100.0272
118.5930
195.2698
204.0919
268.8785
271.3939
0.0000000 0.4000000 0.4000000
0.0000
113.7426
137.8052
192.0471
239.1630
252.6167
0.0000000 0.4000000 -0.5000000
0.0000
39.5920
116.9974
191.6453
196.1465
223.6250
0.0000000 -0.5000000 0.0000000
154.2323
180.0895
213.1397
252.5489
256.5930
265.4651
0.0000000 -0.5000000 0.1000000
84.9778
100.8832
168.5318
213.5416
230.5609
243.2473
0.0000000 -0.5000000 0.2000000
42.5536
105.6203
150.1478
190.4806
247.8771
262.6854
0.0000000 -0.5000000 0.3000000
169.9344
181.0983
210.9757
219.7777
300.6142
303.1059
0.0000000 -0.5000000 0.4000000
98.5566
149.2196
165.0547
202.9765
268.0168
280.0714
0.0000000 -0.5000000 -0.5000000
44.0247
53.2052
150.3016
195.1002
226.2245
240.3588
0.1000000 0.1000000 0.0000000
0.0000
11.2358
65.9129
226.1886
232.1123
279.1529
0.1000000 0.1000000 0.1000000
0.0000
0.0000
0.0000
172.7054
183.1861
230.5058
0.1000000 0.1000000 0.2000000
0.0000
0.0000
97.8096
114.2918
146.6292
204.9152
0.1000000 0.1000000 0.3000000
121.3914
135.6045
153.1226
165.0186
225.4429
234.7869
0.1000000 0.1000000 0.4000000
0.0000
49.4973
123.4297
153.7065
156.3307
217.5475
0.1000000 0.1000000 -0.5000000
0.0000
0.0000
0.0000
143.2217
160.1285
210.4138
0.1000000 0.2000000 0.0000000
0.0000
35.0187
113.0240
221.2976
226.8437
227.3035
0.1000000 0.2000000 0.1000000
0.0000
0.0000
83.1745
154.3624
189.3830
207.4286
0.1000000 0.2000000 0.2000000
0.0000
0.0000
77.4708
135.0493
157.6223
201.8368
0.1000000 0.2000000 0.3000000
56.2390
85.2556
158.0111
169.7239
216.1949
223.8342
0.1000000 0.2000000 0.4000000
0.0000
81.3743
87.7415
163.3109
167.2842
211.9839
0.1000000 0.2000000 -0.5000000
0.0000
0.0000
82.1971
119.8472
172.0332
198.5037
0.1000000 0.3000000 0.0000000
0.0000
77.6147
162.3890
179.4649
225.7176
231.4619
0.1000000 0.3000000 0.1000000
0.0000
0.0000
122.5758
147.6391
199.1064
210.6681
0.1000000 0.3000000 0.2000000
0.0000
40.2665
77.6675
167.3297
184.4887
214.8593
0.1000000 0.3000000 0.3000000
0.0000
31.2058
171.5968
180.9345
233.9159
238.1296
0.1000000 0.3000000 0.4000000
0.0000
42.1730
118.8163
175.1098
202.2689
225.1075
0.1000000 0.3000000 -0.5000000
0.0000
0.0000
87.9834
149.5009
185.0032
206.1020
0.1000000 0.4000000 0.0000000
0.0000
120.3126
171.4386
202.5622
242.7907
248.6520
0.1000000 0.4000000 0.1000000
0.0000
71.5634
125.0009
184.2011
215.9999
224.6009
0.1000000 0.4000000 0.2000000
0.0000
81.7829
108.2600
180.1614
219.9912
234.1665
0.1000000 0.4000000 0.3000000
76.5376
98.1084
191.0866
198.8698
264.5098
266.5127
0.1000000 0.4000000 0.4000000
0.0000
91.9302
141.9875
188.6952
237.0270
247.6266
0.1000000 0.4000000 -0.5000000
0.0000
56.9749
102.1989
177.6642
206.2766
220.0973
0.2000000 0.2000000 0.0000000
0.0000
66.4731
146.2117
198.5121
221.6822
226.7382
0.2000000 0.2000000 0.1000000
0.0000
0.0000
127.9432
135.2733
195.6286
207.8227
0.2000000 0.2000000 0.2000000
0.0000
49.4998
62.1751
162.4870
170.9819
209.6898
0.2000000 0.2000000 0.3000000
0.0000
46.4625
167.7311
177.9890
225.9386
231.3539
0.2000000 0.2000000 0.4000000
0.0000
54.0030
108.2453
172.2156
189.5207
219.5121
0.2000000 0.2000000 -0.5000000
0.0000
0.0000
98.4270
131.7863
179.9529
202.5705
0.2000000 0.3000000 0.0000000
0.0000
89.4730
160.1201
172.7938
232.8392
235.3647
0.2000000 0.3000000 0.1000000
0.0000
48.2154
104.6742
160.5824
208.1900
214.2525
0.2000000 0.3000000 0.2000000
0.0000
14.9434
97.9397
168.5877
201.2523
220.2238
0.2000000 0.3000000 0.3000000
0.0000
8.1177
175.0245
182.9032
243.5450
246.3823
0.2000000 0.3000000 0.4000000
0.0000
26.5228
129.7506
176.3208
216.4718
231.3185
0.2000000 0.3000000 -0.5000000
0.0000
41.5201
74.1530
157.4527
196.8135
209.8145
0.2000000 0.4000000 0.0000000
0.0000
120.9619
132.0073
188.4448
239.0148
256.9320
0.2000000 0.4000000 0.1000000
0.0000
84.1820
97.7168
168.3644
218.0828
229.2353
0.2000000 0.4000000 0.2000000
0.0000
30.9830
126.2120
173.8856
222.5788
227.6086
0.2000000 0.4000000 0.3000000
22.3656
57.9550
188.1753
193.6613
259.2823
260.3929
0.2000000 0.4000000 0.4000000
0.0000
48.8509
150.7138
183.0879
235.9223
240.9407
0.2000000 0.4000000 -0.5000000
0.0000
57.7307
92.3107
164.2413
213.1291
219.0047
0.3000000 0.3000000 0.0000000
26.5867
123.1768
168.5552
204.4164
243.7496
251.6935
0.3000000 0.3000000 0.1000000
0.0000
76.1638
124.1260
184.4042
218.4365
226.0194
0.3000000 0.3000000 0.2000000
0.0000
82.6858
111.9527
180.6516
222.6837
235.2330
0.3000000 0.3000000 0.3000000
81.1461
101.3177
192.4075
199.9287
266.6313
268.4432
0.3000000 0.3000000 0.4000000
0.0000
93.9470
144.3208
189.3964
239.4844
248.9898
0.3000000 0.3000000 -0.5000000
0.0000
62.2700
102.2051
177.6623
209.3456
220.9668
P = 199.8100	V = 130.1411	E = -655.45233405000000	S_el = 0.00000100903333
0.0000000 0.0000000 0.0000000
0.0000
0.0000
0.0000
255.0167
255.0167
373.2425
0.0000000 0.0000000 0.1000000
0.0000
0.0000
0.0000
199.3055
199.3055
316.4594
0.0000000 0.0000000 0.2000000
0.0000
0.0000
149.0971
155.5877
154.0024
273.6544
0.0000000 0.0000000 0.3000000
166.0373
166.0373
180.7981
180.7981
289.6643
300.2230
0.0000000 0.0000000 0.4000000
22.4084
22.4084
167.0211
167.0211
209.2918
283.8243
0.0000000 0.0000000 -0.5000000
0.0000
0.0000
0.0000
173.1332
173.1332
291.1607
0.0000000 0.1000000 0.0000000
0.0000
22.5135
66.9429
253.1322
254.3357
352.0588
0.0000000 0.1000000 0.1000000
0.0000
0.0000
0.0000
202.6835
204.8071
300.3393
0.0000000 0.1000000 0.2000000
0.0000
0.0000
142.2629
156.8304
161.9623
263.9227
0.0000000 0.1000000 0.3000000
158.0460
170.1561
172.6558
184.2345
274.7490
285.9991
0.0000000 0.1000000 0.4000000
21.1636
60.1086
164.4836
173.7981
197.0648
273.1503
0.0000000 0.1000000 -0.5000000
0.0000
0.0000
0.0000
178.4833
181.5495
277.9553
0.0000000 0.2000000 0.0000000
0.0000
62.6423
135.1742
252.3331
256.2801
300.9178
0.0000000 0.2000000 0.1000000
0.0000
0.0000
113.8581
206.8852
216.7390
268.6561
0.0000000 0.2000000 0.2000000
0.0000
30.6883
146.9413
171.4889
185.6844
255.6954
0.0000000 0.2000000 0.3000000
120.9881
140.9059
181.4780
194.7630
261.0458
270.8602
0.0000000 0.2000000 0.4000000
0.0000
108.9107
145.0259
190.4151
206.4549
263.4667
0.0000000 0.2000000 -0.5000000
0.0000
0.0000
115.8578
183.0557
198.1810
257.1225
0.0000000 0.3000000 0.0000000
0.0000
107.1880
199.1799
250.4946
264.9978
268.9977
0.0000000 0.3000000 0.1000000
0.0000
41.9708
193.3910
201.3903
226.8447
264.0871
0.0000000 0.3000000 0.2000000
0.0000
104.4692
134.1333
205.3848
229.4012
270.6672
0.0000000 0.3000000 0.3000000
71.3727
112.5629
201.1952
210.5030
281.9883
287.5672
0.0000000 0.3000000 0.4000000
0.0000
125.0283
145.7659
210.6803
248.5926
278.8334
0.0000000 0.3000000 -0.5000000
0.0000
31.2581
171.9773
197.2924
215.2342
261.9099
0.0000000 0.4000000 0.0000000
102.7487
149.3681
245.1964
256.5263
271.5555
292.0715
0.0000000 0.4000000 0.1000000
0.0000
101.0614
199.9195
234.4284
251.7089
281.4831
0.0000000 0.4000000 0.2000000
0.0000
132.7114
156.3475
219.1837
274.2409
295.2177
0.0000000 0.4000000 0.3000000
140.7577
158.3128
220.8521
230.4070
319.4197
322.3593
0.0000000 0.4000000 0.4000000
1.3473
157.3244
168.7783
225.5272
291.1660
306.8164
0.0000000 0.4000000 -0.5000000
0.0000
86.8041
178.6933
223.5907
250.2453
280.2396
0.0000000 -0.5000000 0.0000000
174.8003
205.5137
250.0949
283.8104
295.9051
313.4446
0.0000000 -0.5000000 0.1000000
116.8925
133.1813
211.5266
246.0392
279.4770
296.6835
0.0000000 -0.5000000 0.2000000
91.7179
137.2664
190.8435
225.9755
300.2299
316.5193
0.0000000 -0.5000000 0.3000000
197.9077
209.9060
235.5640
245.5944
349.8354
352.4549
0.0000000 -0.5000000 0.4000000
131.6764
174.8048
200.6742
235.3319
318.6410
331.7438
0.0000000 -0.5000000 -0.5000000
91.9617
96.3656
195.7771
230.2935
277.6267
295.3836
0.1000000 0.1000000 0.0000000
0.0000
37.4560
95.3907
252.1975
254.2927
332.9079
0.1000000 0.1000000 0.1000000
0.0000
0.0000
24.7150
205.2842
209.4419
286.7679
0.1000000 0.1000000 0.2000000
0.0000
0.0000
148.0222
155.6473
169.7635
258.0451
0.1000000 0.1000000 0.3000000
147.3727
164.8392
172.0401
187.6433
265.5453
276.7940
0.1000000 0.1000000 0.4000000
0.0000
82.5072
159.3166
179.8380
194.6347
266.6035
0.1000000 0.1000000 -0.5000000
0.0000
0.0000
27.3756
181.9060
188.2197
267.7944
0.1000000 0.2000000 0.0000000
0.0000
67.1719
150.7671
254.0483
256.9232
286.3378
0.1000000 0.2000000 0.1000000
0.0000
0.0000
135.3049
206.0000
219.4419
262.8878
0.1000000 0.2000000 0.2000000
0.0000
54.2279
138.5515
181.8833
194.2292
256.0754
0.1000000 0.2000000 0.3000000
105.4844
128.5837
184.5770
195.8543
262.0170
270.8221
0.1000000 0.2000000 0.4000000
0.0000
117.0592
137.7731
195.5609
213.5308
263.7149
0.1000000 0.2000000 -0.5000000
0.0000
0.0000
138.1458
179.1732
203.6327
254.4327
0.1000000 0.3000000 0.0000000
0.0000
108.5049
203.6649
243.2044
264.7330
267.9444
0.1000000 0.3000000 0.1000000
0.0000
59.2018
186.7133
197.7030
237.9235
262.7850
0.1000000 0.3000000 0.2000000
0.0000
107.6824
133.0511
205.8518
236.4324
270.2172
0.1000000 0.3000000 0.3000000
54.3273
98.4678
201.8450
211.1088
283.4341
288.2655
0.1000000 0.3000000 0.4000000
0.0000
116.5770
152.1758
210.0661
252.8831
278.6389
0.1000000 0.3000000 -0.5000000
0.0000
53.8714
164.0171
194.2363
227.8295
260.8126
0.1000000 0.4000000 0.0000000
62.4134
148.2518
227.9437
240.9514
281.5402
294.1273
0.1000000 0.4000000 0.1000000
0.0000
113.8704
185.6209
225.5368
261.6914
278.3896
0.1000000 0.4000000 0.2000000
0.0000
134.1660
154.6497
219.3945
273.4920
290.0433
0.1000000 0.4000000 0.3000000
121.5647
140.4325
222.3316
230.4807
315.0281
317.4017
0.1000000 0.4000000 0.4000000
0.0000
143.5652
176.3610
225.1278
288.9012
301.4666
0.1000000 0.4000000 -0.5000000
0.0000
106.2372
164.9396
219.9492
256.7516
276.1435
0.2000000 0.2000000 0.0000000
0.0000
95.6182
187.5610
250.1321
261.9101
268.3244
0.2000000 0.2000000 0.1000000
0.0000
31.3505
180.4273
197.1356
228.5743
260.6998
0.2000000 0.2000000 0.2000000
0.0000
100.1899
129.5570
200.3152
220.7396
265.0183
0.2000000 0.2000000 0.3000000
62.4207
106.3184
195.8953
205.9921
274.6794
280.8800
0.2000000 0.2000000 0.4000000
0.0000
119.2845
143.2683
205.6638
239.2269
272.8657
0.2000000 0.2000000 -0.5000000
0.0000
23.1367
169.7083
182.3272
216.2702
257.6279
0.2000000 0.3000000 0.0000000
0.0000
124.3358
210.0041
224.7230
274.0237
279.8846
0.2000000 0.3000000 0.1000000
0.0000
101.1498
178.1786
201.8064
254.0933
265.3465
0.2000000 0.3000000 0.2000000
0.0000
105.2327
145.3944
210.3545
253.8032
274.8542
0.2000000 0.3000000 0.3000000
48.1272
87.5081
209.6559
217.3845
293.4233
296.6574
0.2000000 0.3000000 0.4000000
0.0000
106.8337
168.5033
215.0548
267.6261
284.3299
0.2000000 0.3000000 -0.5000000
0.0000
99.7473
151.1401
203.1401
245.9290
263.5391
0.2000000 0.4000000 0.0000000
7.3066
157.8950
198.1020
224.7857
283.6672
302.8335
0.2000000 0.4000000 0.1000000
0.0000
136.7985
161.4949
215.7200
268.6859
279.4261
0.2000000 0.4000000 0.2000000
0.0000
107.4171
174.7706
220.7562
275.6388
281.6213
0.2000000 0.4000000 0.3000000
87.0680
110.1913
227.9135
233.3921
309.5206
310.7620
0.2000000 0.4000000 0.4000000
0.0000
112.4454
194.6996
227.0520
287.6687
293.3416
0.2000000 0.4000000 -0.5000000
0.0000
125.2111
151.9056
213.3087
266.1549
271.3303
0.3000000 0.3000000 0.0000000
84.2834
151.8767
225.3328
241.5210
283.6414
297.2473
0.3000000 0.3000000 0.1000000
0.0000
118.7197
183.4930
226.5332
264.7245
279.6799
0.3000000 0.3000000 0.2000000
0.0000
135.6170
157.3118
220.7973
276.0681
290.9760
0.3000000 0.3000000 0.3000000
124.4654
142.4080
224.5574
232.4344
317.1262
319.2855
0.3000000 0.3000000 0.4000000
0.0000
144.0421
179.8739
226.7045
291.3104
302.6971
0.3000000 0.3000000 -0.5000000
0.0000
111.4123
163.8174
220.8139
259.8855
276.9523
P = 499.6200	V = 121.3918	E = -655.43208172000000	S_el = 0.00000092263333
0.0000000 0.0000000 0.0000000
0.0000
0.0000
0.0000
276.5965
276.5965
430.7074
0.0000000 0.0000000 0.1000000
0.0000
0.0000
0.0000
225.2355
225.2355
376.4357
0.0000000 0.0000000 0.2000000
0.0000
0.0000
182.1782
183.7979
186.0894
330.0522
0.0000000 0.0000000 0.3000000
183.2997
183.2997
198.8143
198.8143
328.7096
341.9949
0.0000000 0.0000000 0.4000000
66.8538
66.8538
191.5135
191.5135
243.3666
335.2821
0.0000000 0.0000000 -0.5000000
0.0000
0.0000
0.0000
202.1950
202.1950
352.5949
0.0000000 0.1000000 0.0000000
0.0000
41.0163
88.1955
278.1317
279.1770
410.9133
0.0000000 0.1000000 0.1000000
0.0000
0.0000
14.1987
232.0751
234.0544
362.0481
0.0000000 0.1000000 0.2000000
0.0000
0.0000
184.3720
191.0226
192.6503
322.1034
0.0000000 0.1000000 0.3000000
180.6566
189.5159
195.8205
204.2245
316.5265
330.2104
0.0000000 0.1000000 0.4000000
76.1185
91.8372
194.7924
199.8519
235.6582
326.6335
0.0000000 0.1000000 -0.5000000
0.0000
0.0000
36.8066
211.3718
213.3805
341.0651
0.0000000 0.2000000 0.0000000
0.0000
85.5700
172.4383
284.1754
289.8642
363.1715
0.0000000 0.2000000 0.1000000
0.0000
0.0000
166.6370
246.8983
252.9259
332.1540
0.0000000 0.2000000 0.2000000
0.0000
89.1857
198.3119
214.3115
225.5409
315.5318
0.0000000 0.2000000 0.3000000
159.6090
178.8609
205.4052
219.2400
308.7742
320.1527
0.0000000 0.2000000 0.4000000
5.9460
136.9317
192.5824
219.7563
253.1870
319.8062
0.0000000 0.2000000 -0.5000000
0.0000
0.0000
172.8361
228.9815
235.0117
320.9768
0.0000000 0.3000000 0.0000000
0.0000
132.0160
246.2110
295.0719
312.1761
319.8681
0.0000000 0.3000000 0.1000000
0.0000
98.4925
249.0497
254.6367
266.9359
323.9804
0.0000000 0.3000000 0.2000000
0.0000
143.7850
195.9907
238.9176
285.0703
331.5643
0.0000000 0.3000000 0.3000000
143.4689
164.2416
228.6658
238.8799
335.0473
341.4688
0.0000000 0.3000000 0.4000000
0.0000
172.2240
188.9203
242.1536
302.2987
337.4093
0.0000000 0.3000000 -0.5000000
0.0000
93.1367
234.1485
247.3401
259.2362
323.5820
0.0000000 0.4000000 0.0000000
141.2382
172.8248
297.6649
305.6736
310.5704
344.4711
0.0000000 0.4000000 0.1000000
34.9028
135.9125
257.1685
274.8163
304.8210
341.3869
0.0000000 0.4000000 0.2000000
23.8832
166.8885
211.9207
254.7388
332.4895
357.1490
0.0000000 0.4000000 0.3000000
180.9355
198.2634
249.4928
259.6797
375.0697
378.5509
0.0000000 0.4000000 0.4000000
82.3289
195.5291
210.1474
258.9414
347.7848
366.6280
0.0000000 0.4000000 -0.5000000
0.0000
128.5914
238.3348
261.9375
308.0756
342.3209
0.0000000 -0.5000000 0.0000000
197.4069
233.8132
297.0749
319.1548
344.2222
367.8936
0.0000000 -0.5000000 0.1000000
150.1679
169.2263
261.4680
283.2435
334.8493
357.0204
0.0000000 -0.5000000 0.2000000
139.2211
172.1980
236.4159
262.7471
358.6275
377.8139
0.0000000 -0.5000000 0.3000000
229.3248
242.1971
263.7025
274.3986
405.7103
408.6731
0.0000000 -0.5000000 0.4000000
167.9258
204.6796
241.0699
269.3086
375.5234
390.9025
0.0000000 -0.5000000 -0.5000000
136.1718
140.7951
246.9237
269.1921
335.1104
357.4405
0.1000000 0.1000000 0.0000000
0.0000
58.4734
123.8384
279.9731
282.2799
393.0565
0.1000000 0.1000000 0.1000000
0.0000
0.0000
96.9088
238.0718
241.4474
349.7663
0.1000000 0.1000000 0.2000000
0.0000
19.1962
192.9694
196.0318
202.1480
317.2266
0.1000000 0.1000000 0.3000000
174.9497
191.1725
195.0695
209.5773
309.6832
323.0464
0.1000000 0.1000000 0.4000000
54.8932
111.0658
195.4534
207.4348
236.6793
321.4444
0.1000000 0.1000000 -0.5000000
0.0000
0.0000
105.6439
218.9908
222.1423
331.8738
0.1000000 0.2000000 0.0000000
0.0000
95.2378
189.0146
287.6026
293.2815
349.6350
0.1000000 0.2000000 0.1000000
0.0000
24.9624
185.0943
251.7698
256.6175
325.4794
0.1000000 0.2000000 0.2000000
0.0000
112.1169
194.9095
222.9627
238.2491
315.7474
0.1000000 0.2000000 0.3000000
149.5157
169.7388
211.7429
223.4212
310.8574
321.0326
0.1000000 0.2000000 0.4000000
0.0000
149.2005
187.6929
227.1073
262.1480
320.2656
0.1000000 0.2000000 -0.5000000
0.0000
10.2560
191.0450
231.6213
241.1478
317.3847
0.1000000 0.3000000 0.0000000
0.0000
138.5371
246.4657
299.0226
310.9675
315.7836
0.1000000 0.3000000 0.1000000
0.0000
118.7193
242.3839
251.2700
282.3815
321.2506
0.1000000 0.3000000 0.2000000
0.0000
158.9701
190.0986
244.6548
291.2477
330.4676
0.1000000 0.3000000 0.3000000
131.3860
154.6225
233.7562
243.3371
336.6101
342.1892
0.1000000 0.3000000 0.4000000
0.0000
173.4107
192.9467
246.3515
306.5681
336.7702
0.1000000 0.3000000 -0.5000000
0.0000
118.8317
229.0407
242.2194
275.9851
321.3629
0.1000000 0.4000000 0.0000000
125.4697
177.2753
280.6195
288.6452
326.5039
345.3599
0.1000000 0.4000000 0.1000000
0.0000
153.7356
244.8001
270.4805
313.4614
337.4367
0.1000000 0.4000000 0.2000000
0.0000
180.5096
204.1802
261.1231
331.2677
351.4818
0.1000000 0.4000000 0.3000000
163.7336
181.2102
256.2938
264.8388
370.6750
373.5483
0.1000000 0.4000000 0.4000000
58.4925
190.6839
215.2727
264.1927
345.3724
360.9350
0.1000000 0.4000000 -0.5000000
0.0000
150.9781
225.9772
264.8611
312.1307
337.4749
0.2000000 0.2000000 0.0000000
0.0000
123.5161
230.7401
295.2924
306.6634
322.0637
0.2000000 0.2000000 0.1000000
0.0000
92.8106
230.6680
253.5589
269.0476
320.4998
0.2000000 0.2000000 0.2000000
0.0000
142.0689
192.2179
237.2795
273.6897
325.2041
0.2000000 0.2000000 0.3000000
136.6352
158.6782
225.2163
235.7388
326.6600
333.7868
0.2000000 0.2000000 0.4000000
0.0000
168.4123
186.8549
239.2357
291.5874
330.6562
0.2000000 0.2000000 -0.5000000
0.0000
88.9394
229.6602
234.7391
259.1240
318.9353
0.2000000 0.3000000 0.0000000
0.0000
158.4703
256.0927
285.5553
320.0392
325.6931
0.2000000 0.3000000 0.1000000
0.0000
147.1698
241.4638
249.8862
304.2118
322.2213
0.2000000 0.3000000 0.2000000
0.0000
172.0032
196.1943
253.6589
309.6760
334.7091
0.2000000 0.3000000 0.3000000
125.6300
149.3124
246.1293
254.0551
347.5909
351.3632
0.2000000 0.3000000 0.4000000
0.0000
170.7314
209.8804
255.9148
322.4334
342.3870
0.2000000 0.3000000 -0.5000000
0.0000
149.1534
220.9362
249.4655
298.7986
322.9020
0.2000000 0.4000000 0.0000000
89.2427
195.0349
257.6462
268.9213
332.4496
353.8065
0.2000000 0.4000000 0.1000000
0.0000
184.9242
224.3929
264.2295
324.0487
334.4554
0.2000000 0.4000000 0.2000000
0.0000
171.3831
223.9500
269.8906
333.1268
341.4295
0.2000000 0.4000000 0.3000000
139.8412
156.3336
269.6800
275.4341
365.0450
366.5713
0.2000000 0.4000000 0.4000000
37.5550
168.5088
239.7572
273.6031
344.1358
351.5812
0.2000000 0.4000000 -0.5000000
0.0000
182.3713
212.0097
263.9351
323.2251
329.1575
0.3000000 0.3000000 0.0000000
132.8137
181.6083
278.9446
287.4426
329.5149
348.6443
0.3000000 0.3000000 0.1000000
24.5209
159.1707
242.3263
271.8112
316.9420
338.6251
0.3000000 0.3000000 0.2000000
0.0000
183.0153
205.7603
263.5789
333.9061
352.3926
0.3000000 0.3000000 0.3000000
165.3834
182.1816
259.4606
267.7267
372.8930
375.5312
0.3000000 0.3000000 0.4000000
64.4835
190.7981
219.1390
266.7764
347.8908
362.1638
0.3000000 0.3000000 -0.5000000
0.0000
156.5701
224.1875
266.5540
315.4038
338.2377
P = 749.9400	V = 115.9289	E = -655.40905150000000	S_el = 0.00000088060000
0.0000000 0.0000000 0.0000000
0.0000
0.0000
0.0000
292.2006
292.2006
470.2427
0.0000000 0.0000000 0.1000000
0.0000
0.0000
0.0000
243.5714
243.5714
417.4940
0.0000000 0.0000000 0.2000000
0.0000
0.0000
202.3824
202.5058
209.8753
368.5660
0.0000000 0.0000000 0.3000000
194.2059
194.2059
210.2943
210.2943
355.9027
370.9766
0.0000000 0.0000000 0.4000000
87.1536
87.1536
207.7418
207.7418
267.2394
370.8249
0.0000000 0.0000000 -0.5000000
0.0000
0.0000
1.4605
222.2038
222.2038
394.4176
0.0000000 0.1000000 0.0000000
0.0000
49.1222
100.8663
295.1719
297.0995
450.9421
0.0000000 0.1000000 0.1000000
0.0000
0.0000
54.0937
251.5787
254.6615
403.8339
0.0000000 0.1000000 0.2000000
0.0000
0.0000
208.6927
212.8233
215.8770
361.3628
0.0000000 0.1000000 0.3000000
195.0817
201.5758
210.6860
216.7975
344.9532
360.2417
0.0000000 0.1000000 0.4000000
101.5405
109.0622
213.9084
217.2822
261.8225
363.0187
0.0000000 0.1000000 -0.5000000
0.0000
0.0000
79.8135
232.5226
235.4287
383.5930
0.0000000 0.2000000 0.0000000
0.0000
98.0933
195.3863
304.1942
313.7012
404.2558
0.0000000 0.2000000 0.1000000
0.0000
0.0000
197.2087
270.0394
278.7444
374.6510
0.0000000 0.2000000 0.2000000
0.0000
115.3806
227.1701
239.2433
254.6668
355.3329
0.0000000 0.2000000 0.3000000
182.6827
201.7138
220.8018
234.3852
340.0988
352.5499
0.0000000 0.2000000 0.4000000
51.2613
153.5874
220.7853
238.7245
283.7447
357.2771
0.0000000 0.2000000 -0.5000000
0.0000
0.0000
205.9311
254.2038
261.4273
363.7357
0.0000000 0.3000000 0.0000000
0.0000
147.0492
277.3678
318.6572
343.4925
357.1633
0.0000000 0.3000000 0.1000000
0.0000
123.6114
280.0863
286.8161
297.1452
364.0729
0.0000000 0.3000000 0.2000000
0.0000
164.9335
232.3509
260.9254
320.8175
371.6303
0.0000000 0.3000000 0.3000000
176.5490
193.6208
245.9999
257.3532
369.7468
376.7415
0.0000000 0.3000000 0.4000000
28.2896
194.7993
220.2115
261.7441
337.1505
375.9552
0.0000000 0.3000000 -0.5000000
0.0000
120.9098
267.4222
278.7353
291.3236
364.5289
0.0000000 0.4000000 0.0000000
164.3965
187.3610
328.2326
338.8622
340.6137
379.4356
0.0000000 0.4000000 0.1000000
80.6431
156.8134
290.8711
303.2864
340.9242
381.1899
0.0000000 0.4000000 0.2000000
73.1957
188.3719
246.6275
277.5585
370.7667
398.2724
0.0000000 0.4000000 0.3000000
205.5225
223.0878
268.5445
279.0935
412.1539
416.0177
0.0000000 0.4000000 0.4000000
124.3263
217.0817
239.8030
280.2687
385.2598
406.5034
0.0000000 0.4000000 -0.5000000
32.2701
152.2704
273.6629
289.2801
345.8056
383.4362
0.0000000 -0.5000000 0.0000000
212.4881
252.5967
329.3913
343.7387
378.2393
404.8009
0.0000000 -0.5000000 0.1000000
171.5139
193.1399
294.6013
309.1278
372.1999
397.7439
0.0000000 -0.5000000 0.2000000
167.7553
195.3735
266.4664
286.6859
397.7881
419.4455
0.0000000 -0.5000000 0.3000000
250.3189
263.7639
282.8933
293.7860
443.6936
446.9684
0.0000000 -0.5000000 0.4000000
191.7079
225.2546
268.1475
291.5007
413.8978
431.2759
0.0000000 -0.5000000 -0.5000000
161.9829
168.6959
280.3706
295.6503
373.6131
399.2797
0.1000000 0.1000000 0.0000000
0.0000
68.8483
141.0288
298.2397
302.3208
433.5218
0.1000000 0.1000000 0.1000000
0.0000
0.0000
131.7952
258.8048
263.9633
392.0792
0.1000000 0.1000000 0.2000000
0.0000
52.3675
218.3326
220.6987
226.7069
356.8859
0.1000000 0.1000000 0.3000000
192.4246
206.3410
210.9779
223.2025
339.2014
353.9791
0.1000000 0.1000000 0.4000000
89.7629
127.1858
217.6981
225.6405
264.6310
358.3743
0.1000000 0.1000000 -0.5000000
0.0000
0.0000
143.6437
241.5383
245.8407
374.8041
0.1000000 0.2000000 0.0000000
0.0000
110.3817
212.7798
309.0037
318.4247
390.9978
0.1000000 0.2000000 0.1000000
0.0000
58.5995
214.8220
278.0283
282.8625
367.6199
0.1000000 0.2000000 0.2000000
0.0000
138.0193
227.1758
246.6556
268.9992
355.4239
0.1000000 0.2000000 0.3000000
174.1605
193.6979
229.0528
241.0922
342.8169
353.9384
0.1000000 0.2000000 0.4000000
27.7546
167.6834
217.9734
246.9556
293.6332
357.8031
0.1000000 0.2000000 -0.5000000
0.0000
47.8240
222.2770
261.4943
267.2759
359.7092
0.1000000 0.3000000 0.0000000
0.0000
156.3368
273.2746
330.2750
342.5356
350.8143
0.1000000 0.3000000 0.1000000
0.0000
145.6091
273.1386
285.8034
312.8788
360.5618
0.1000000 0.3000000 0.2000000
0.0000
184.1072
225.5049
269.3728
326.8261
370.2496
0.1000000 0.3000000 0.3000000
165.7721
184.1469
254.2961
264.1779
371.4673
377.5667
0.1000000 0.3000000 0.4000000
10.6561
200.9441
221.2614
269.7504
341.5322
375.1421
0.1000000 0.3000000 -0.5000000
0.0000
147.7612
264.1814
273.6593
308.5869
361.7207
0.1000000 0.4000000 0.0000000
154.4911
195.5477
311.1596
322.4161
357.2187
379.8051
0.1000000 0.4000000 0.1000000
47.6668
177.4611
280.2149
300.4301
348.5125
376.6021
0.1000000 0.4000000 0.2000000
39.7835
206.7430
236.0116
288.4038
369.2928
392.2853
0.1000000 0.4000000 0.3000000
188.4024
205.6033
278.6190
287.4283
407.7157
410.9493
0.1000000 0.4000000 0.4000000
102.4071
217.7761
241.4926
289.8411
382.7368
400.5750
0.1000000 0.4000000 -0.5000000
12.7747
176.8485
262.5285
294.3548
348.9109
378.0569
0.2000000 0.2000000 0.0000000
0.0000
139.7641
257.9328
320.8527
336.2578
360.7617
0.2000000 0.2000000 0.1000000
0.0000
120.2937
260.5812
286.3214
297.7882
360.8642
0.2000000 0.2000000 0.2000000
0.0000
164.4405
228.2221
260.6031
308.2062
364.9397
0.2000000 0.2000000 0.3000000
169.9828
187.3072
243.9782
254.9015
360.6180
368.3843
0.2000000 0.2000000 0.4000000
10.9727
192.0101
216.9389
260.6748
325.5364
368.7643
0.2000000 0.2000000 -0.5000000
0.0000
119.0114
261.7570
268.0324
289.0358
359.9369
0.2000000 0.3000000 0.0000000
18.7063
178.9692
282.8482
325.9603
350.9631
355.5896
0.2000000 0.3000000 0.1000000
0.0000
172.6948
275.9801
282.7175
337.5318
360.3052
0.2000000 0.3000000 0.2000000
0.0000
203.3300
229.0089
281.3423
346.1460
374.3774
0.2000000 0.3000000 0.3000000
160.1068
179.7022
269.5538
277.7163
383.3029
387.4654
0.2000000 0.3000000 0.4000000
17.6083
202.9091
236.9228
282.2925
358.3609
380.8816
0.2000000 0.3000000 -0.5000000
0.0000
176.0405
260.3926
279.0390
333.6348
362.4341
0.2000000 0.4000000 0.0000000
129.5091
218.0056
291.1644
300.0194
364.5967
387.8100
0.2000000 0.4000000 0.1000000
39.9254
212.8181
262.5944
295.0193
360.7192
371.0562
0.2000000 0.4000000 0.2000000
29.3607
205.4310
254.8320
301.4276
371.0749
381.2864
0.2000000 0.4000000 0.3000000
167.1635
182.0743
296.5108
302.5517
402.0019
403.7604
0.2000000 0.4000000 0.4000000
83.4198
199.7766
268.3165
303.6927
381.5477
390.4933
0.2000000 0.4000000 -0.5000000
10.7522
213.3509
249.2546
296.0828
360.7153
367.7154
0.3000000 0.3000000 0.0000000
158.7031
200.3317
310.2754
319.9971
360.6864
383.2496
0.3000000 0.3000000 0.1000000
72.1201
183.3996
277.9479
301.7397
352.2008
377.7485
0.3000000 0.3000000 0.2000000
48.4830
210.0651
236.9841
291.5270
372.0454
393.2320
0.3000000 0.3000000 0.3000000
189.4979
206.0807
282.3908
290.9208
410.0668
413.0536
0.3000000 0.3000000 0.4000000
107.6011
218.1694
245.2550
293.0798
385.3883
401.8588
0.3000000 0.3000000 -0.5000000
26.8726
182.9147
260.5986
296.4594
352.3020
378.8047
P = 999.5400	V = 111.4903	E = -655.38278063000000	S_el = 0.00000084530000
0.0000000 0.0000000 0.0000000
0.0000
0.0000
0.0000
306.3683
306.3683
504.9078
0.0000000 0.0000000 0.1000000
0.0000
0.0000
0.0000
259.9148
259.9148
453.3870
0.0000000 0.0000000 0.2000000
0.0000
0.0000
219.0042
218.5649
231.2804
402.2014
0.0000000 0.0000000 0.3000000
203.4591
203.4591
220.0545
220.0545
379.9118
396.5239
0.0000000 0.0000000 0.4000000
100.9750
100.9750
221.7168
221.7168
288.3067
402.0798
0.0000000 0.0000000 -0.5000000
0.0000
0.0000
39.8236
239.7385
239.7385
430.8604
0.0000000 0.1000000 0.0000000
0.0000
54.2479
111.1439
310.1550
313.1968
485.8365
0.0000000 0.1000000 0.1000000
0.0000
0.0000
85.9471
268.4610
272.9168
440.1447
0.0000000 0.1000000 0.2000000
1.0907
17.6116
227.9138
231.1675
237.1438
395.4314
0.0000000 0.1000000 0.3000000
207.1182
211.7722
223.1264
227.4672
369.7916
386.4595
0.0000000 0.1000000 0.4000000
118.7215
122.4625
229.8440
232.4324
284.5740
394.7689
0.0000000 0.1000000 -0.5000000
0.0000
0.0000
112.9882
250.4931
254.7590
420.4397
0.0000000 0.2000000 0.0000000
0.0000
107.4177
214.3168
320.9577
334.6911
439.5027
0.0000000 0.2000000 0.1000000
0.0000
29.4365
221.6477
288.6421
301.5957
411.3048
0.0000000 0.2000000 0.2000000
0.0000
132.8529
249.5122
259.5150
280.7873
389.6131
0.0000000 0.2000000 0.3000000
201.1432
219.9448
233.9007
247.0672
366.9897
380.3774
0.0000000 0.2000000 0.4000000
87.5186
167.1164
243.1559
255.2101
309.8798
389.6014
0.0000000 0.2000000 -0.5000000
0.0000
21.0128
232.3058
273.9230
284.8871
400.6188
0.0000000 0.3000000 0.0000000
5.9624
159.0302
303.5327
336.8771
370.2137
390.5799
0.0000000 0.3000000 0.1000000
0.0000
140.3012
304.0796
313.2770
324.5895
398.6825
0.0000000 0.3000000 0.2000000
0.0000
181.2287
260.9525
280.2843
351.1143
405.9521
0.0000000 0.3000000 0.3000000
198.9932
216.4725
260.5525
272.8825
399.4261
406.9177
0.0000000 0.3000000 0.4000000
71.6169
210.7484
247.3870
278.5865
366.8558
409.0080
0.0000000 0.3000000 -0.5000000
0.0000
139.5146
292.5045
305.1101
320.0936
399.7306
0.0000000 0.4000000 0.0000000
182.8034
199.5998
352.2842
367.4887
368.2770
409.5282
0.0000000 0.4000000 0.1000000
115.8253
173.8592
317.5857
328.7266
372.2626
415.4150
0.0000000 0.4000000 0.2000000
111.8731
206.3805
274.9966
297.3228
403.5655
433.6536
0.0000000 0.4000000 0.3000000
225.6852
243.6304
284.8429
295.6870
444.1596
448.3576
0.0000000 0.4000000 0.4000000
154.8093
234.1326
265.7476
298.5603
417.5023
440.9045
0.0000000 0.4000000 -0.5000000
76.7707
170.9967
301.7505
313.8955
377.9815
418.7304
0.0000000 -0.5000000 0.0000000
225.5296
268.6626
356.7996
365.7546
408.2084
436.8873
0.0000000 -0.5000000 0.1000000
189.5590
213.5607
322.4418
332.2091
404.5251
433.0466
0.0000000 -0.5000000 0.2000000
190.8650
215.2540
291.9089
307.3325
431.6508
455.6759
0.0000000 -0.5000000 0.3000000
268.3506
282.2906
299.6390
310.6197
476.8192
480.3977
0.0000000 -0.5000000 0.4000000
211.9162
243.2689
291.3969
310.5983
447.2108
466.5256
0.0000000 -0.5000000 -0.5000000
182.6777
191.8218
308.3581
318.9790
406.8286
435.5223
0.1000000 0.1000000 0.0000000
0.0000
76.0708
155.0665
313.9684
320.1497
468.5976
0.1000000 0.1000000 0.1000000
0.0000
0.0000
156.3591
276.3234
283.8387
428.6778
0.1000000 0.1000000 0.2000000
8.3755
77.7878
238.1310
240.9866
249.2130
391.1724
0.1000000 0.1000000 0.3000000
206.8601
218.4637
224.7445
234.6849
364.7855
380.7853
0.1000000 0.1000000 0.4000000
115.0717
140.0601
235.8812
241.4478
288.7205
390.4320
0.1000000 0.1000000 -0.5000000
0.0000
0.0000
170.4918
260.1592
266.6675
411.8694
0.1000000 0.2000000 0.0000000
0.0000
121.6696
232.3717
327.1182
340.2650
426.2913
0.1000000 0.2000000 0.1000000
0.0000
83.8137
238.8668
299.1167
306.0052
404.0550
0.1000000 0.2000000 0.2000000
0.0000
155.3848
252.3723
265.9409
296.0608
389.5918
0.1000000 0.2000000 0.3000000
193.1978
212.5013
243.7008
255.9375
370.2003
382.1513
0.1000000 0.2000000 0.4000000
67.3147
182.4233
242.3808
263.8605
320.4489
390.1512
0.1000000 0.2000000 -0.5000000
0.0000
77.3567
247.3177
285.2988
290.2982
396.2845
0.1000000 0.3000000 0.0000000
3.3758
170.4537
295.3469
354.7664
369.7581
382.3505
0.1000000 0.3000000 0.1000000
0.0000
163.7530
296.9448
314.8283
339.6543
394.5812
0.1000000 0.3000000 0.2000000
0.0000
202.2860
254.4165
290.4317
357.1555
404.3866
0.1000000 0.3000000 0.3000000
188.3948
206.0561
271.6363
281.7727
401.2977
407.8520
0.1000000 0.3000000 0.4000000
54.6111
220.4157
245.8783
289.6933
371.3899
408.0894
0.1000000 0.3000000 -0.5000000
0.0000
167.0912
290.8338
300.5657
336.9932
396.4871
0.1000000 0.4000000 0.0000000
174.1952
210.6741
335.2646
352.2470
383.9280
409.5607
0.1000000 0.4000000 0.1000000
88.9434
196.7179
308.5968
326.4120
378.9648
410.2662
0.1000000 0.4000000 0.2000000
82.9763
227.4666
262.6903
311.7755
401.9080
427.3851
0.1000000 0.4000000 0.3000000
208.0526
225.2850
297.6882
306.7280
439.6379
443.1877
0.1000000 0.4000000 0.4000000
134.8101
239.2025
264.1575
311.8459
414.8732
434.7537
0.1000000 0.4000000 -0.5000000
58.9627
197.5226
291.9026
319.7682
380.5790
412.8869
0.2000000 0.2000000 0.0000000
0.0000
152.4643
280.3960
341.1896
361.4665
395.1368
0.2000000 0.2000000 0.1000000
0.0000
138.5592
284.6582
312.5788
323.3503
395.8371
0.2000000 0.2000000 0.2000000
0.0000
181.5684
256.3386
280.5444
337.6701
399.0408
0.2000000 0.2000000 0.3000000
192.0799
209.0285
259.8022
271.0453
389.6512
397.9769
0.2000000 0.2000000 0.4000000
54.6261
208.7170
242.7461
279.0244
354.4639
401.4818
0.2000000 0.2000000 -0.5000000
0.0000
139.3380
286.0753
295.9182
315.5127
395.3079
0.2000000 0.3000000 0.0000000
56.8880
195.4457
304.1175
359.8434
377.7512
381.5261
0.2000000 0.3000000 0.1000000
0.0000
192.5403
302.3738
311.2011
366.3117
393.2096
0.2000000 0.3000000 0.2000000
0.0000
225.0638
256.6487
304.7087
377.3378
408.4686
0.2000000 0.3000000 0.3000000
182.7153
201.3119
289.2922
297.6780
413.9222
418.4289
0.2000000 0.3000000 0.4000000
60.8457
226.1951
260.0430
304.6404
389.1388
413.9873
0.2000000 0.3000000 -0.5000000
0.0000
196.7540
291.0138
304.2199
363.5954
396.4777
0.2000000 0.4000000 0.0000000
157.6302
236.9068
317.1317
327.5523
392.0762
417.0908
0.2000000 0.4000000 0.1000000
84.2344
235.0823
293.6281
320.9328
392.2322
402.6311
0.2000000 0.4000000 0.2000000
73.9964
231.1097
280.6301
328.0397
403.6903
415.6078
0.2000000 0.4000000 0.3000000
187.3549
202.0287
319.1476
325.4711
433.8059
435.7732
0.2000000 0.4000000 0.4000000
118.0810
224.0406
292.3128
329.1806
413.7424
424.0499
0.2000000 0.4000000 -0.5000000
58.8044
237.1093
279.9289
323.0619
392.8480
400.9656
0.3000000 0.3000000 0.0000000
178.2161
215.8571
335.0778
348.8272
387.7245
413.1749
0.3000000 0.3000000 0.1000000
109.2301
203.1290
306.6962
327.5900
382.7922
411.3923
0.3000000 0.3000000 0.2000000
90.6286
231.4992
263.2377
315.4293
404.7860
428.3832
0.3000000 0.3000000 0.3000000
208.7974
225.4254
301.9736
310.7365
442.1218
445.4162
0.3000000 0.3000000 0.4000000
139.2273
240.0365
267.7180
315.6238
417.6608
436.1065
0.3000000 0.3000000 -0.5000000
71.9430
204.0624
290.0166
322.1193
384.0808
413.6321
P = 1499.8500	V = 104.5144	E = -655.32413631000000	S_el = 0.00000074866667
0.0000000 0.0000000 0.0000000
0.0000
0.0000
0.0000
331.7987
331.7987
564.7723
0.0000000 0.0000000 0.1000000
0.0000
0.0000
35.7968
288.5985
288.5985
515.1905
0.0000000 0.0000000 0.2000000
17.5073
17.5073
246.2568
245.7534
268.6155
460.0877
0.0000000 0.0000000 0.3000000
219.2359
219.2359
236.6724
236.6724
421.6424
440.8851
0.0000000 0.0000000 0.4000000
120.3897
120.3897
245.5367
245.5367
324.7724
456.2353
0.0000000 0.0000000 -0.5000000
0.0000
0.0000
102.0996
269.9778
269.9778
493.4172
0.0000000 0.1000000 0.0000000
0.0000
60.4631
127.7921
336.3026
341.5560
545.8166
0.0000000 0.1000000 0.1000000
0.0000
0.0000
134.2316
297.4991
304.6491
502.3357
0.0000000 0.1000000 0.2000000
61.4488
72.4947
258.0898
261.7578
275.0602
453.7439
0.0000000 0.1000000 0.3000000
226.8412
229.1963
243.5549
245.7185
412.6674
431.6853
0.0000000 0.1000000 0.4000000
141.9847
143.8695
256.1044
258.5745
323.5652
449.4414
0.0000000 0.1000000 -0.5000000
0.0000
0.0000
162.2308
280.8761
288.0094
483.3639
0.0000000 0.2000000 0.0000000
0.0000
120.7993
245.3496
348.8959
370.6174
499.2832
0.0000000 0.2000000 0.1000000
0.0000
76.6740
260.8866
318.9007
340.9852
473.6010
0.0000000 0.2000000 0.2000000
62.1887
156.7464
283.7969
293.1013
326.3797
447.9264
0.0000000 0.2000000 0.3000000
230.1326
248.2192
256.0977
268.4269
412.8074
427.8023
0.0000000 0.2000000 0.4000000
141.9031
189.1461
277.8199
284.2253
354.1864
444.7606
0.0000000 0.2000000 -0.5000000
0.0000
74.6571
274.2830
305.4479
325.4774
463.2953
0.0000000 0.3000000 0.0000000
65.6385
177.4894
345.9256
366.1999
414.8907
448.7123
0.0000000 0.3000000 0.1000000
5.6747
163.1358
341.0125
356.9421
372.9237
457.5962
0.0000000 0.3000000 0.2000000
74.2701
206.9288
304.7558
314.8155
402.1342
464.1003
0.0000000 0.3000000 0.3000000
230.0434
251.5510
284.8728
298.3816
449.7433
458.0783
0.0000000 0.3000000 0.4000000
138.4645
233.9520
292.1079
308.3055
417.1096
465.1102
0.0000000 0.3000000 -0.5000000
2.5126
165.1657
330.3328
349.4160
370.3434
459.4603
0.0000000 0.4000000 0.0000000
211.1313
220.4142
389.4123
415.8896
417.7072
460.5493
0.0000000 0.4000000 0.1000000
167.5298
201.6673
359.1594
373.6572
425.7045
473.4833
0.0000000 0.4000000 0.2000000
169.4968
236.4603
320.1613
332.0319
459.2057
493.7758
0.0000000 0.4000000 0.3000000
258.4784
277.3142
312.1994
323.5410
498.7621
503.5247
0.0000000 0.4000000 0.4000000
198.1053
261.4773
309.3563
330.2017
472.3971
499.5333
0.0000000 0.4000000 -0.5000000
145.9902
200.8966
345.5404
357.7080
432.2927
478.5327
0.0000000 -0.5000000 0.0000000
247.8499
295.6545
401.0805
405.0672
459.7796
491.8607
0.0000000 -0.5000000 0.1000000
219.8119
247.7691
367.5610
373.0971
459.5776
493.3437
0.0000000 -0.5000000 0.2000000
227.9736
248.8580
333.9576
343.0016
489.4236
517.7978
0.0000000 -0.5000000 0.3000000
298.7732
313.5688
328.4324
339.5068
533.8216
537.9598
0.0000000 -0.5000000 0.4000000
245.6661
274.2740
330.5253
343.3867
504.2796
527.1797
0.0000000 -0.5000000 -0.5000000
215.9115
229.5947
353.7433
359.9500
463.2766
497.3722
0.1000000 0.1000000 0.0000000
0.0000
85.8056
177.9029
340.8923
351.1235
528.6094
0.1000000 0.1000000 0.1000000
0.0000
0.0000
191.3710
305.9375
318.1835
491.0941
0.1000000 0.1000000 0.2000000
75.3166
115.4048
268.9616
274.2299
289.3657
449.6676
0.1000000 0.1000000 0.3000000
230.1280
238.0026
247.8646
254.2172
408.6998
426.7841
0.1000000 0.1000000 0.4000000
150.4720
161.1119
265.1309
268.8901
329.7617
445.4027
0.1000000 0.1000000 -0.5000000
0.0000
0.0000
208.8774
291.0281
302.4885
474.9523
0.1000000 0.2000000 0.0000000
0.0000
138.1110
264.2464
357.6760
377.1955
485.8713
0.1000000 0.2000000 0.1000000
0.0000
120.2227
277.5427
333.5619
345.8390
466.0578
0.1000000 0.2000000 0.2000000
49.1435
179.4817
291.1651
298.1862
342.7314
447.7107
0.1000000 0.2000000 0.3000000
222.3550
241.3757
268.4139
280.5263
416.7669
430.1457
0.1000000 0.2000000 0.4000000
127.9332
206.1026
280.8905
292.9743
365.8043
445.3046
0.1000000 0.2000000 -0.5000000
0.0000
121.4877
287.1832
323.7661
330.1606
458.5139
0.1000000 0.3000000 0.0000000
65.6961
192.3320
330.9589
393.4891
415.4666
437.7336
0.1000000 0.3000000 0.1000000
7.1919
189.0183
333.9972
362.7715
386.0849
452.6187
0.1000000 0.3000000 0.2000000
61.0679
229.4986
300.5504
326.4410
408.4751
462.2916
0.1000000 0.3000000 0.3000000
218.3430
238.4524
300.5672
311.0423
451.8523
459.1831
0.1000000 0.3000000 0.4000000
123.2717
248.3922
287.4754
323.5608
421.9779
464.0537
0.1000000 0.3000000 -0.5000000
0.7566
193.8553
331.2326
346.1782
385.9030
455.5780
0.1000000 0.4000000 0.0000000
201.3918
235.2745
372.8835
403.6817
429.5076
460.1512
0.1000000 0.4000000 0.1000000
151.7859
227.9950
353.2725
371.1821
431.1047
467.3997
0.1000000 0.4000000 0.2000000
149.3442
260.5053
306.5946
351.5316
457.2930
487.0029
0.1000000 0.4000000 0.3000000
239.1206
256.7334
329.8291
339.2691
493.9816
498.0652
0.1000000 0.4000000 0.4000000
180.9843
273.0151
302.6909
349.2851
469.5623
492.9456
0.1000000 0.4000000 -0.5000000
131.7725
230.7386
338.3979
363.3651
434.4637
471.9133
0.2000000 0.2000000 0.0000000
16.8427
171.7812
316.7587
374.1121
403.5681
454.5107
0.2000000 0.2000000 0.1000000
0.0000
163.3467
323.0648
354.8864
367.9335
455.5066
0.2000000 0.2000000 0.2000000
54.4243
208.3725
299.4997
315.0788
387.5249
456.9015
0.2000000 0.2000000 0.3000000
221.6161
241.6239
286.2517
297.8518
438.8644
448.1499
0.2000000 0.2000000 0.4000000
122.8048
233.0303
285.3508
310.6311
403.4003
457.0788
0.2000000 0.2000000 -0.5000000
0.0000
167.3322
323.1719
342.0991
361.6989
455.4722
0.2000000 0.3000000 0.0000000
114.9661
221.4791
337.8012
414.4850
423.5552
426.7672
0.2000000 0.3000000 0.1000000
47.9966
223.6244
342.7963
359.5987
415.5549
449.3058
0.2000000 0.3000000 0.2000000
80.1332
256.0033
302.4461
343.8492
430.2740
466.3387
0.2000000 0.3000000 0.3000000
212.5105
232.2478
322.1470
330.8842
465.8244
470.9147
0.2000000 0.3000000 0.4000000
127.8898
260.0912
299.2217
342.1213
441.4026
470.2462
0.2000000 0.3000000 -0.5000000
38.0713
229.0768
338.0056
347.1706
414.7048
454.3323
0.2000000 0.4000000 0.0000000
196.0761
267.6357
356.9692
375.3585
438.3913
466.7945
0.2000000 0.4000000 0.1000000
152.1465
270.6948
343.3792
364.2892
445.7382
456.5146
0.2000000 0.4000000 0.2000000
143.0823
270.0841
323.4510
372.4785
459.1965
473.9036
0.2000000 0.4000000 0.3000000
217.3820
232.9260
356.9142
363.7465
487.7978
490.1132
0.2000000 0.4000000 0.4000000
168.2305
261.7050
332.3642
371.8778
468.5452
481.1217
0.2000000 0.4000000 -0.5000000
134.6323
273.9463
329.8254
367.9292
447.3966
457.5808
0.3000000 0.3000000 0.0000000
207.7250
241.1889
373.7911
398.7481
433.7777
464.1151
0.3000000 0.3000000 0.1000000
164.0865
235.2410
352.2402
371.9709
435.1151
468.5224
0.3000000 0.3000000 0.2000000
154.9265
265.6707
306.6476
355.9709
460.4107
488.1118
0.3000000 0.3000000 0.3000000
239.4469
256.4432
334.9814
344.1548
496.7061
500.5211
0.3000000 0.3000000 0.4000000
184.1455
274.8108
305.8299
353.9107
472.6002
494.4385
0.3000000 0.3000000 -0.5000000
142.1122
238.1293
336.8689
365.8986
438.1625
472.6753
P = 1999.4800	V = 99.1777	E = -655.26101526000000	S_el = 0.00000064216667
0.0000000 0.0000000 0.0000000
0.0000
0.0000
0.0000
354.2451
354.2451
615.6480
0.0000000 0.0000000 0.1000000
0.0000
0.0000
82.5786
313.3258
313.3258
567.5787
0.0000000 0.0000000 0.2000000
60.8197
60.8197
268.6566
268.4837
300.1661
509.1549
0.0000000 0.0000000 0.3000000
232.7528
232.7528
250.8458
250.8458
457.2978
478.7773
0.0000000 0.0000000 0.4000000
135.4137
135.4137
265.6400
265.6400
355.7074
502.4159
0.0000000 0.0000000 -0.5000000
0.0000
0.0000
147.7433
295.6232
295.6232
546.3055
0.0000000 0.1000000 0.0000000
0.0000
64.3581
141.3689
358.8916
366.0045
596.6331
0.0000000 0.1000000 0.1000000
0.0000
0.0000
169.0805
322.2960
331.6823
554.8350
0.0000000 0.1000000 0.2000000
105.9411
113.5089
281.9221
287.1163
307.9000
502.9749
0.0000000 0.1000000 0.3000000
242.7854
244.2361
260.0874
261.4448
449.1951
470.1980
0.0000000 0.1000000 0.4000000
158.7885
161.6988
277.5934
280.9407
356.4964
495.8685
0.0000000 0.1000000 -0.5000000
0.0000
0.0000
197.7646
306.4722
316.0645
536.3449
0.0000000 0.2000000 0.0000000
0.0000
130.2057
270.7728
372.1477
400.5245
549.4576
0.0000000 0.2000000 0.1000000
0.0000
110.9204
292.8629
344.0251
374.0525
525.8157
0.0000000 0.2000000 0.2000000
121.1652
174.8164
310.3021
321.6122
365.0801
496.9513
0.0000000 0.2000000 0.3000000
252.6959
269.7277
274.8514
286.5564
451.5672
467.9174
0.0000000 0.2000000 0.4000000
180.0677
207.2657
304.3326
309.9350
391.4556
491.3340
0.0000000 0.2000000 -0.5000000
0.0000
114.2077
308.0246
331.5904
359.6824
515.8096
0.0000000 0.3000000 0.0000000
108.7366
191.3481
379.1856
391.1623
451.5829
497.7934
0.0000000 0.3000000 0.1000000
65.0558
180.5401
369.8073
393.2958
414.1508
507.0788
0.0000000 0.3000000 0.2000000
138.0868
228.0555
337.7748
345.7911
444.9046
512.8774
0.0000000 0.3000000 0.3000000
253.4309
278.5239
305.1650
318.9141
492.0690
501.1065
0.0000000 0.3000000 0.4000000
185.8696
252.1916
327.0277
335.0104
459.3606
512.2879
0.0000000 0.3000000 -0.5000000
65.6247
184.7658
359.5515
386.7182
413.0568
509.5300
0.0000000 0.4000000 0.0000000
232.4212
238.2992
417.8743
456.0599
460.4836
503.2097
0.0000000 0.4000000 0.1000000
204.1235
224.5204
391.2788
412.7401
470.5016
522.1445
0.0000000 0.4000000 0.2000000
210.4397
261.5717
355.4127
362.7659
505.9792
544.2743
0.0000000 0.4000000 0.3000000
285.1063
304.8284
334.7755
346.5516
544.8241
550.0485
0.0000000 0.4000000 0.4000000
229.0449
283.9789
344.6311
357.7365
518.6712
548.9161
0.0000000 0.4000000 -0.5000000
195.3899
225.3024
379.3732
396.0935
477.7386
528.6044
0.0000000 -0.5000000 0.0000000
266.7543
317.9747
435.2289
439.8594
503.1250
538.2738
0.0000000 -0.5000000 0.1000000
245.0268
275.9446
402.9557
408.9187
505.7451
544.1002
0.0000000 -0.5000000 0.2000000
257.7688
276.8854
367.9928
373.8085
538.0727
570.2721
0.0000000 -0.5000000 0.3000000
324.0267
339.5605
352.8184
363.9974
582.1937
586.8214
0.0000000 -0.5000000 0.4000000
273.4431
300.4969
362.8623
371.4485
552.5201
578.5904
0.0000000 -0.5000000 -0.5000000
242.9125
260.1610
389.5593
395.6571
510.5734
549.3922
0.1000000 0.1000000 0.0000000
0.0000
92.3869
196.5416
363.7973
377.3809
579.2903
0.1000000 0.1000000 0.1000000
0.0000
32.9493
217.8583
331.0157
347.2210
543.6013
0.1000000 0.1000000 0.2000000
124.3100
142.6160
293.2786
301.5294
324.1578
498.9336
0.1000000 0.1000000 0.3000000
248.5310
254.0488
266.7434
270.9924
446.0127
465.8529
0.1000000 0.1000000 0.4000000
174.8441
178.8932
288.4512
292.6507
364.3434
491.9540
0.1000000 0.1000000 -0.5000000
0.0000
35.0901
237.9540
316.8327
332.6380
527.9112
0.1000000 0.2000000 0.0000000
0.0000
150.0610
289.9926
383.4092
407.6373
535.7086
0.1000000 0.2000000 0.1000000
0.0000
145.9237
308.7491
362.4191
379.3058
518.0256
0.1000000 0.2000000 0.2000000
109.5762
198.1230
321.0284
325.9855
382.1589
496.5740
0.1000000 0.2000000 0.3000000
244.8711
263.3356
289.2352
300.6809
456.0928
470.6786
0.1000000 0.2000000 0.4000000
170.6064
225.4740
310.8878
318.2773
403.9502
491.8469
0.1000000 0.2000000 -0.5000000
0.0000
152.9648
319.0183
355.6225
364.0451
510.6790
0.1000000 0.3000000 0.0000000
110.9325
209.0747
359.2889
424.8293
452.9084
485.1098
0.1000000 0.3000000 0.1000000
67.0646
208.4986
363.5012
401.8402
425.7937
501.4492
0.1000000 0.3000000 0.2000000
124.8770
251.4155
336.7727
357.3295
451.6310
510.8923
0.1000000 0.3000000 0.3000000
239.9240
262.9720
324.4921
335.1109
494.3260
502.3039
0.1000000 0.3000000 0.4000000
172.1269
269.7794
321.6890
352.2393
464.5493
511.1183
0.1000000 0.3000000 -0.5000000
63.6385
214.5806
362.5081
384.5200
427.4878
505.1701
0.1000000 0.4000000 0.0000000
221.7483
255.0382
402.2777
446.9638
467.6971
502.5186
0.1000000 0.4000000 0.1000000
196.0230
253.6170
388.1475
409.4579
475.1013
515.3224
0.1000000 0.4000000 0.2000000
196.3420
287.4279
342.2190
385.1289
503.8945
537.0446
0.1000000 0.4000000 0.3000000
263.7752
281.8446
356.6068
366.3922
539.7075
544.2245
0.1000000 0.4000000 0.4000000
213.3590
299.9789
334.9381
380.8927
515.6392
541.8965
0.1000000 0.4000000 -0.5000000
183.9225
257.8523
374.9904
400.5781
479.8032
521.3612
0.2000000 0.2000000 0.0000000
61.9251
186.2453
345.7696
401.5168
438.1320
504.3749
0.2000000 0.2000000 0.1000000
11.9347
181.8964
353.7151
389.5001
406.0094
505.6602
0.2000000 0.2000000 0.2000000
118.1797
230.2456
332.5153
345.2792
429.3923
505.4854
0.2000000 0.2000000 0.3000000
243.0900
266.3080
308.2233
319.8655
480.2655
490.3587
0.2000000 0.2000000 0.4000000
171.3153
252.0936
319.2824
337.9810
444.5533
503.8755
0.2000000 0.2000000 -0.5000000
20.2431
188.3443
352.3168
380.0607
401.3276
505.9665
0.2000000 0.3000000 0.0000000
155.5059
241.8876
364.6871
457.0076
462.2174
466.2987
0.2000000 0.3000000 0.1000000
110.6805
248.5562
374.4286
399.9119
457.2891
496.5152
0.2000000 0.3000000 0.2000000
141.1905
279.9002
339.9076
376.4698
474.8914
514.9046
0.2000000 0.3000000 0.3000000
233.8902
255.5107
349.2474
358.2088
509.3655
514.9327
0.2000000 0.3000000 0.4000000
175.4129
285.8225
332.1638
373.3129
485.4305
517.5242
0.2000000 0.3000000 -0.5000000
103.7096
255.1038
374.2239
383.8684
457.9602
502.8902
0.2000000 0.4000000 0.0000000
222.8521
292.4734
387.7238
416.0240
476.9469
508.4245
0.2000000 0.4000000 0.1000000
200.0272
299.5530
383.0535
400.4508
490.6636
502.0138
0.2000000 0.4000000 0.2000000
192.1031
300.5712
358.9027
409.3067
505.9968
522.7861
0.2000000 0.4000000 0.3000000
240.5269
257.2246
388.1650
395.4191
533.0558
535.6396
0.2000000 0.4000000 0.4000000
203.3480
291.4396
365.6730
407.3383
514.7154
529.0269
0.2000000 0.4000000 -0.5000000
188.9327
303.3961
370.1591
405.0333
493.3012
505.2059
0.3000000 0.3000000 0.0000000
230.6537
261.6353
403.9381
440.9878
472.3218
506.8281
0.3000000 0.3000000 0.1000000
202.6728
261.5584
387.9658
409.8194
479.2375
516.4683
0.3000000 0.3000000 0.2000000
200.3724
293.4164
342.0776
390.1059
507.2173
538.2552
0.3000000 0.3000000 0.3000000
263.8521
281.2920
362.4876
372.0206
542.6310
546.8698
0.3000000 0.3000000 0.4000000
215.6931
302.6353
337.7576
386.1567
518.8867
543.5125
0.3000000 0.3000000 -0.5000000
192.0628
265.9379
373.9739
403.0441
483.6678
522.1560
P = 2500.1200	V = 94.8736	E = -655.19543916000000	S_el = 0.00000058706667
0.0000000 0.0000000 0.0000000
0.0000
0.0000
0.0000
374.4763
374.4763
660.2850
0.0000000 0.0000000 0.1000000
0.0000
0.0000
117.9682
335.2209
335.2209
613.4674
0.0000000 0.0000000 0.2000000
94.1032
94.1032
288.0896
288.2367
327.4619
552.1479
0.0000000 0.0000000 0.3000000
244.8372
244.8372
263.4527
263.4527
488.6808
512.1365
0.0000000 0.0000000 0.4000000
148.9390
148.9390
283.2597
283.2597
382.7440
543.0346
0.0000000 0.0000000 -0.5000000
0.0000
0.0000
181.0161
318.0805
318.0805
592.5589
0.0000000 0.1000000 0.0000000
0.0000
67.3695
153.1200
379.0184
387.6039
641.1629
0.0000000 0.1000000 0.1000000
0.0000
0.0000
195.4764
344.2482
355.3811
600.7191
0.0000000 0.1000000 0.2000000
138.1079
143.9766
302.0998
309.1197
336.8849
546.0275
0.0000000 0.1000000 0.3000000
256.3045
257.7936
274.1054
275.5804
481.3588
504.1040
0.0000000 0.1000000 0.4000000
173.0248
177.7264
296.0565
300.7516
385.2861
536.6339
0.0000000 0.1000000 -0.5000000
0.0000
0.0000
225.2311
328.9690
340.5006
582.5742
0.0000000 0.2000000 0.0000000
0.0000
137.4053
292.7314
392.4404
426.1739
593.2436
0.0000000 0.2000000 0.1000000
0.0000
135.8707
320.6863
366.2455
402.6153
571.2356
0.0000000 0.2000000 0.2000000
164.7346
190.9707
332.4555
347.2574
398.7521
539.7492
0.0000000 0.2000000 0.3000000
271.3915
287.1166
291.3742
302.6902
485.6547
503.1865
0.0000000 0.2000000 0.4000000
207.8631
223.0759
325.9636
333.4832
424.0869
532.1476
0.0000000 0.2000000 -0.5000000
0.0000
143.3387
337.0141
354.9466
389.3117
561.4716
0.0000000 0.3000000 0.0000000
139.5752
202.3862
406.3952
414.1218
482.9513
540.2732
0.0000000 0.3000000 0.1000000
111.3354
196.2510
394.1115
425.2508
450.0587
550.2011
0.0000000 0.3000000 0.2000000
185.1061
246.8917
364.3802
374.3852
482.3433
555.4420
0.0000000 0.3000000 0.3000000
274.0156
300.8825
322.9036
336.1988
529.1273
538.7711
0.0000000 0.3000000 0.4000000
220.0491
268.4794
355.0412
359.8618
496.3797
553.5460
0.0000000 0.3000000 -0.5000000
115.1497
202.3993
384.2909
419.6135
450.2766
553.1386
0.0000000 0.4000000 0.0000000
249.4226
254.3748
441.2502
490.6481
498.1468
540.2533
0.0000000 0.4000000 0.1000000
231.7674
244.4119
417.7923
447.6281
509.3879
564.5093
0.0000000 0.4000000 0.2000000
241.1456
283.5474
384.4241
390.9273
546.8800
588.3331
0.0000000 0.4000000 0.3000000
307.9489
328.4918
354.1560
366.3331
585.1468
590.7609
0.0000000 0.4000000 0.4000000
253.6367
303.8345
374.0232
382.6347
559.1917
592.0846
0.0000000 0.4000000 -0.5000000
231.1319
246.6705
407.2613
430.5253
517.3585
572.1849
0.0000000 -0.5000000 0.0000000
283.3589
337.1774
462.4902
471.4181
540.6692
578.8383
0.0000000 -0.5000000 0.1000000
266.9895
300.0982
431.9008
441.1378
545.8794
588.3692
0.0000000 -0.5000000 0.2000000
283.1608
301.1884
396.7252
401.4171
580.5551
616.1416
0.0000000 -0.5000000 0.3000000
345.8073
362.0014
374.1733
385.5014
624.6451
629.7019
0.0000000 -0.5000000 0.4000000
297.2795
323.4027
390.6271
396.3929
594.7541
623.6388
0.0000000 -0.5000000 -0.5000000
266.3054
286.1749
419.1000
427.7177
551.6980
594.7360
0.1000000 0.1000000 0.0000000
0.0000
97.4408
212.6434
384.0338
400.2540
623.6410
0.1000000 0.1000000 0.1000000
0.0000
62.6637
240.7039
353.2135
372.5094
589.4021
0.1000000 0.1000000 0.2000000
159.5189
163.7985
313.9577
325.1944
354.8718
541.9657
0.1000000 0.1000000 0.3000000
263.8312
268.1210
282.7013
286.0588
478.8669
500.2415
0.1000000 0.1000000 0.4000000
193.3541
194.9198
308.0987
313.9508
394.5952
532.7845
0.1000000 0.1000000 -0.5000000
0.0000
68.8638
263.0103
339.5697
358.8113
574.0376
0.1000000 0.2000000 0.0000000
0.0000
159.5805
311.9098
406.0475
433.5961
579.1332
0.1000000 0.2000000 0.1000000
0.0000
165.6081
335.4953
388.1723
408.2728
563.1922
0.1000000 0.2000000 0.2000000
154.5797
215.0694
345.7648
351.3439
416.5017
539.2347
0.1000000 0.2000000 0.3000000
263.6892
281.2337
307.5627
317.9761
490.6413
506.2805
0.1000000 0.2000000 0.4000000
201.1713
242.4120
335.6784
341.1805
437.3930
532.6244
0.1000000 0.2000000 -0.5000000
0.0000
176.6587
346.1117
383.8242
393.7342
556.0316
0.1000000 0.3000000 0.0000000
143.4731
222.7439
383.0267
452.1454
484.7056
526.6095
0.1000000 0.3000000 0.1000000
113.5203
226.0808
388.9405
435.1549
460.8397
544.0421
0.1000000 0.3000000 0.2000000
172.1324
271.1757
366.7957
384.9383
489.4487
553.3023
0.1000000 0.3000000 0.3000000
258.5544
283.4682
345.1749
355.7959
531.4613
539.9964
0.1000000 0.3000000 0.4000000
207.1284
288.3666
350.7869
377.5470
501.8596
552.2614
0.1000000 0.3000000 -0.5000000
113.0045
233.4799
388.9672
418.0606
464.0645
548.3836
0.1000000 0.4000000 0.0000000
239.5500
271.7379
426.8953
484.4668
500.8119
539.3208
0.1000000 0.4000000 0.1000000
227.9210
275.8896
417.1155
443.3575
513.5411
557.0894
0.1000000 0.4000000 0.2000000
230.2811
310.9714
372.4915
414.6661
544.6687
580.6780
0.1000000 0.4000000 0.3000000
284.6798
303.1544
379.8350
389.9286
579.6509
584.5304
0.1000000 0.4000000 0.4000000
238.2156
323.0334
362.9230
408.6392
555.9706
584.6388
0.1000000 0.4000000 -0.5000000
221.4023
281.4876
405.6186
433.5569
519.4217
564.4244
0.2000000 0.2000000 0.0000000
96.2077
197.8484
370.1201
425.9129
467.6879
547.4136
0.2000000 0.2000000 0.1000000
58.1707
198.3631
379.7379
419.7061
439.4316
549.3446
0.2000000 0.2000000 0.2000000
165.6012
249.6660
359.6700
372.7412
466.0136
547.8971
0.2000000 0.2000000 0.3000000
261.6821
286.6966
327.3121
338.7733
516.5230
527.3183
0.2000000 0.2000000 0.4000000
206.0731
269.0561
347.2748
362.5961
480.6225
544.8220
0.2000000 0.2000000 -0.5000000
69.6098
206.8256
377.3658
412.7711
436.3272
549.9459
0.2000000 0.3000000 0.0000000
184.3046
258.8954
387.6440
491.4906
496.0400
502.0569
0.2000000 0.3000000 0.1000000
157.3371
270.1676
401.3787
434.6837
493.9846
537.7271
0.2000000 0.3000000 0.2000000
185.7332
301.1230
371.9530
404.8972
514.0357
557.2572
0.2000000 0.3000000 0.3000000
252.3199
275.3294
372.6296
381.7153
547.3521
553.3201
0.2000000 0.3000000 0.4000000
209.4724
307.7199
360.9980
400.4175
524.0157
558.8006
0.2000000 0.3000000 -0.5000000
153.0771
277.8492
404.3581
416.5507
495.9943
545.2103
0.2000000 0.4000000 0.0000000
244.1039
313.6487
413.3808
451.6258
510.3549
544.6304
0.2000000 0.4000000 0.1000000
234.4116
324.5367
416.5761
432.0213
529.8615
541.8881
0.2000000 0.4000000 0.2000000
227.3702
326.7184
389.7063
441.2198
547.0021
565.3494
0.2000000 0.4000000 0.3000000
260.2940
277.8937
415.2040
422.8060
572.4578
575.2508
0.2000000 0.4000000 0.4000000
229.8208
316.8217
394.6854
438.0908
555.1190
570.7620
0.2000000 0.4000000 -0.5000000
227.9018
329.0038
404.5360
437.1802
533.4819
546.7892
0.3000000 0.3000000 0.0000000
250.1899
278.9866
429.0578
477.7650
505.7350
543.9643
0.3000000 0.3000000 0.1000000
231.3339
284.4156
417.7031
443.3054
517.7788
558.2719
0.3000000 0.3000000 0.2000000
233.3191
317.5606
372.3348
420.0227
548.1622
581.9764
0.3000000 0.3000000 0.3000000
284.5757
302.4233
386.3549
396.2122
582.7379
587.3311
0.3000000 0.3000000 0.4000000
240.0693
326.4022
365.5422
414.4051
559.3913
586.3579
0.3000000 0.3000000 -0.5000000
228.0001
290.1339
405.1676
435.8142
523.4273
565.2598
P = 2999.3100	V = 91.2893	E = -655.12860400000000	S_el = 0.00000058256667
0.0000000 0.0000000 0.0000000
0.0000
0.0000
0.0000
392.9035
392.9035
700.1298
0.0000000 0.0000000 0.1000000
0.0000
0.0000
144.3216
354.8899
354.8899
654.3836
0.0000000 0.0000000 0.2000000
119.3995
119.3995
305.4149
305.7638
351.4331
590.4979
0.0000000 0.0000000 0.3000000
255.8524
255.8524
274.8903
274.8903
516.7521
541.9872
0.0000000 0.0000000 0.4000000
161.8670
161.8670
299.0095
299.0095
406.7727
579.3618
0.0000000 0.0000000 -0.5000000
0.0000
0.0000
205.0780
338.0926
338.0926
633.7575
0.0000000 0.1000000 0.0000000
0.0000
70.0127
163.5987
397.2294
406.9507
680.8963
0.0000000 0.1000000 0.1000000
0.0000
0.0000
216.0813
364.0350
376.4928
641.5797
0.0000000 0.1000000 0.2000000
160.9236
166.4874
319.8179
328.6717
362.7681
584.3938
0.0000000 0.1000000 0.3000000
268.0772
270.2455
286.3066
288.5251
510.1760
534.4808
0.0000000 0.1000000 0.4000000
186.0574
192.5928
312.3378
318.6075
410.9283
573.0703
0.0000000 0.1000000 -0.5000000
0.0000
0.0000
247.3777
349.1655
362.1678
623.6964
0.0000000 0.2000000 0.0000000
0.0000
143.2118
312.2213
410.5807
448.5754
632.2485
0.0000000 0.2000000 0.1000000
0.0000
154.0292
345.6753
386.4684
427.7141
611.5473
0.0000000 0.2000000 0.2000000
196.3988
206.4294
351.7597
370.8931
428.4944
577.8661
0.0000000 0.2000000 0.3000000
287.4376
301.6908
306.2370
317.3637
516.2314
534.8122
0.0000000 0.2000000 0.4000000
228.5363
237.2727
344.2829
355.3327
453.2548
568.6164
0.0000000 0.2000000 -0.5000000
19.1116
164.7220
362.7718
376.4837
415.4061
601.9826
0.0000000 0.3000000 0.0000000
161.3341
211.4981
429.2421
435.8347
510.3861
577.6138
0.0000000 0.3000000 0.1000000
147.1075
211.4054
415.4887
454.0768
481.7582
588.5337
0.0000000 0.3000000 0.2000000
219.1995
264.2751
386.6744
401.0561
515.8428
593.3651
0.0000000 0.3000000 0.3000000
293.3912
320.1950
338.7779
351.1287
562.2518
572.4294
0.0000000 0.3000000 0.4000000
244.8316
283.8064
377.9443
383.2527
529.5062
590.3727
0.0000000 0.3000000 -0.5000000
153.7054
219.3260
406.2343
449.2801
483.2000
591.9045
0.0000000 0.4000000 0.0000000
263.5046
269.1106
461.2120
521.0560
531.6834
573.0871
0.0000000 0.4000000 0.1000000
253.5148
262.2231
440.5091
479.1891
543.8046
602.1548
0.0000000 0.4000000 0.2000000
264.9588
303.2374
409.0549
417.0762
583.3881
627.5576
0.0000000 0.4000000 0.3000000
328.1165
349.4027
371.1662
383.7204
621.1399
627.0895
0.0000000 0.4000000 0.4000000
274.4211
321.9176
398.9980
405.5225
595.3863
630.5701
0.0000000 0.4000000 -0.5000000
257.0973
266.0019
431.1076
461.7826
552.6494
610.9092
0.0000000 -0.5000000 0.0000000
298.2220
354.0665
484.7567
500.3646
573.7655
614.9594
0.0000000 -0.5000000 0.1000000
286.5605
321.2753
456.1930
470.4865
581.4628
627.7289
0.0000000 -0.5000000 0.2000000
305.4911
322.7113
421.5827
426.5837
618.3810
656.9872
0.0000000 -0.5000000 0.3000000
364.9971
381.7920
393.2140
404.7340
662.5737
668.0088
0.0000000 -0.5000000 0.4000000
318.2140
343.7705
414.9872
418.9754
632.4278
663.8250
0.0000000 -0.5000000 -0.5000000
287.2244
308.9335
444.1265
456.9148
588.1824
635.0331
0.1000000 0.1000000 0.0000000
0.0000
101.6353
226.9610
402.2537
420.5000
663.1945
0.1000000 0.1000000 0.1000000
0.0000
86.4471
261.6461
373.2825
394.9099
630.1400
0.1000000 0.1000000 0.2000000
184.3313
181.0406
332.2341
346.2782
382.3015
580.2909
0.1000000 0.1000000 0.3000000
276.9265
280.8471
296.4779
299.8588
508.3321
531.0739
0.1000000 0.1000000 0.4000000
208.2935
209.7549
325.1644
333.3562
421.5870
569.2680
0.1000000 0.1000000 -0.5000000
0.0000
96.1412
285.9404
360.1104
381.9400
615.0192
0.1000000 0.2000000 0.0000000
0.0000
167.5783
331.1060
426.3986
456.1858
617.7906
0.1000000 0.2000000 0.1000000
0.0000
181.4604
359.1452
411.7946
433.7881
603.2343
0.1000000 0.2000000 0.2000000
187.5677
231.4506
367.0976
374.9844
446.9392
577.2331
0.1000000 0.2000000 0.3000000
280.0943
296.4121
324.0475
333.1919
521.6096
538.1845
0.1000000 0.2000000 0.4000000
223.1792
257.6961
356.8705
362.2704
467.3387
569.0587
0.1000000 0.2000000 -0.5000000
20.2917
195.1010
369.9516
409.5484
420.1868
596.2533
0.1000000 0.3000000 0.0000000
166.5822
234.3286
403.5111
476.8018
512.2960
563.4806
0.1000000 0.3000000 0.1000000
149.2499
242.9606
411.7407
464.2883
492.2866
581.9234
0.1000000 0.3000000 0.2000000
206.5610
289.8054
392.4700
410.0861
523.2937
591.0782
0.1000000 0.3000000 0.3000000
276.0239
301.5092
363.4823
374.0057
564.6095
573.6336
0.1000000 0.3000000 0.4000000
232.1486
305.4881
376.0405
400.3395
535.2463
588.9656
0.1000000 0.3000000 -0.5000000
151.4623
251.8055
412.3861
448.0143
496.8146
586.8047
0.1000000 0.4000000 0.0000000
256.2222
286.2516
448.3002
517.5269
530.0842
571.9348
0.1000000 0.4000000 0.1000000
251.1739
295.8250
442.0296
473.9166
547.7627
594.2425
0.1000000 0.4000000 0.2000000
254.9851
332.2528
398.8898
441.1602
581.0783
619.5029
0.1000000 0.4000000 0.3000000
303.0332
321.8339
400.4256
410.7988
615.2434
620.4316
0.1000000 0.4000000 0.4000000
258.3909
343.4573
387.6990
433.4889
591.9845
622.7078
0.1000000 0.4000000 -0.5000000
248.2260
302.7504
432.1401
463.3281
554.7391
602.7110
0.2000000 0.2000000 0.0000000
122.1130
207.5424
391.1562
448.2766
493.5498
585.1878
0.2000000 0.2000000 0.1000000
97.4997
214.0607
402.5689
446.8926
469.2257
588.1395
0.2000000 0.2000000 0.2000000
200.3154
267.5480
382.9297
398.1155
498.7274
585.6873
0.2000000 0.2000000 0.3000000
279.1071
304.3499
344.2884
355.4145
548.9407
560.3576
0.2000000 0.2000000 0.4000000
230.9241
284.9660
370.8940
385.1382
512.9100
581.3819
0.2000000 0.2000000 -0.5000000
111.0197
224.2328
399.8523
441.6722
467.7211
589.0241
0.2000000 0.3000000 0.0000000
204.8509
273.5611
407.9370
520.1903
526.1982
534.8923
0.2000000 0.3000000 0.1000000
191.4999
289.6105
425.3396
465.2785
526.8677
574.4151
0.2000000 0.3000000 0.2000000
217.7037
321.1047
400.0509
430.2461
549.0892
594.9521
0.2000000 0.3000000 0.3000000
269.6040
293.2655
393.2948
402.4303
581.1850
587.4961
0.2000000 0.3000000 0.4000000
233.9030
327.4247
386.7662
424.5113
558.5274
595.5726
0.2000000 0.3000000 -0.5000000
189.6469
298.4925
430.4914
446.2278
530.0971
582.8452
0.2000000 0.4000000 0.0000000
262.2842
332.2268
435.6959
483.3042
539.9363
576.7660
0.2000000 0.4000000 0.1000000
259.2622
346.8810
445.8059
460.2309
564.7654
577.5192
0.2000000 0.4000000 0.2000000
252.8280
350.1709
417.1422
469.5314
583.6544
603.1683
0.2000000 0.4000000 0.3000000
278.0426
296.1915
439.1589
447.0488
607.4666
610.4241
0.2000000 0.4000000 0.4000000
250.7153
339.3582
420.5611
465.3776
591.1870
607.8565
0.2000000 0.4000000 -0.5000000
255.7203
352.1658
434.6840
465.7181
569.3781
583.8241
0.3000000 0.3000000 0.0000000
267.6152
294.1242
450.7809
510.3216
535.2736
576.8973
0.3000000 0.3000000 0.1000000
253.3501
304.8475
443.2958
473.4804
552.0901
595.4685
0.3000000 0.3000000 0.2000000
257.5031
339.2802
398.8304
446.7881
584.7128
620.8755
0.3000000 0.3000000 0.3000000
302.7790
320.9718
407.5182
417.6721
618.4646
623.3599
0.3000000 0.3000000 0.4000000
260.0272
347.3988
390.2210
439.6605
595.5483
624.5118
0.3000000 0.3000000 -0.5000000
253.8839
311.8490
432.2643
465.2936
558.8660
603.5908
P = 5000.6900	V = 81.0010	E = -654.85456329000000	S_el = 0.00000061410000
0.0000000 0.0000000 0.0000000
0.0000
0.0000
0.0000
454.6670
454.6670
829.4895
0.0000000 0.0000000 0.1000000
4.8046
4.8046
193.6613
419.3249
419.3249
787.0159
0.0000000 0.0000000 0.2000000
170.7852
170.7852
362.3696
362.2713
426.3593
714.9363
0.0000000 0.0000000 0.3000000
293.2859
293.2859
313.4156
313.4156
608.1223
639.2542
0.0000000 0.0000000 0.4000000
212.2701
212.2701
350.4745
350.4745
484.0191
697.6673
0.0000000 0.0000000 -0.5000000
50.0818
50.0818
247.1707
402.8564
402.8564
767.1292
0.0000000 0.1000000 0.0000000
0.0000
79.8371
198.1905
457.8599
469.8834
809.9522
0.0000000 0.1000000 0.1000000
84.0895
95.6428
266.8071
429.6461
444.6212
773.8777
0.0000000 0.1000000 0.2000000
196.3798
209.1442
377.1175
392.1836
446.1708
708.8237
0.0000000 0.1000000 0.3000000
304.9162
313.1603
324.4185
332.8760
604.4691
633.8870
0.0000000 0.1000000 0.4000000
234.3399
245.6841
364.5785
377.7611
493.9673
691.7814
0.0000000 0.1000000 -0.5000000
117.3889
117.3877
307.8740
415.9010
431.5999
756.6393
0.0000000 0.2000000 0.0000000
82.8606
159.4434
375.7149
470.2463
518.1299
758.9756
0.0000000 0.2000000 0.1000000
135.8346
187.3779
429.5847
455.8606
506.5381
741.4344
0.0000000 0.2000000 0.2000000
250.8145
267.3721
413.7543
453.5235
522.6303
701.5494
0.0000000 0.2000000 0.3000000
336.8613
344.4439
355.5146
367.1697
616.8784
638.8326
0.0000000 0.2000000 0.4000000
272.3340
284.7185
399.3583
431.5922
548.7080
687.6563
0.0000000 0.2000000 -0.5000000
179.2186
204.7083
447.6810
452.5731
497.6707
732.4112
0.0000000 0.3000000 0.0000000
195.3114
237.3487
495.2490
515.8740
596.4690
694.6583
0.0000000 0.3000000 0.1000000
224.2315
271.8106
485.3751
550.9083
581.7187
712.3976
0.0000000 0.3000000 0.2000000
277.4172
326.0196
452.4393
494.8003
625.9118
716.6570
0.0000000 0.3000000 0.3000000
367.6319
381.0770
391.0645
396.9804
670.6486
682.5175
0.0000000 0.3000000 0.4000000
291.0101
341.4744
439.2939
467.0367
638.2247
710.4945
0.0000000 0.3000000 -0.5000000
238.6735
286.1558
479.7466
548.3863
587.7127
717.2905
0.0000000 0.4000000 0.0000000
303.8108
319.7675
522.4554
617.2099
639.0255
678.6571
0.0000000 0.4000000 0.1000000
309.5119
321.3803
510.4753
583.9167
653.9344
723.8185
0.0000000 0.4000000 0.2000000
323.1915
368.2625
482.6562
508.5093
702.4929
754.7703
0.0000000 0.4000000 0.3000000
393.2677
416.9011
424.8846
438.8015
738.3845
745.3465
0.0000000 0.4000000 0.4000000
339.4480
384.3029
472.1995
484.3057
713.5227
755.6459
0.0000000 0.4000000 -0.5000000
305.4723
331.9469
504.1689
566.0480
667.4475
736.0999
0.0000000 -0.5000000 0.0000000
346.8751
407.6266
544.7696
598.8625
678.4868
731.8845
0.0000000 -0.5000000 0.1000000
350.4048
388.0415
526.2839
569.1714
695.7935
754.8418
0.0000000 -0.5000000 0.2000000
377.3497
391.8522
498.0190
511.8336
740.9506
789.1822
0.0000000 -0.5000000 0.3000000
426.0021
444.8243
454.9580
467.5363
786.0682
792.6796
0.0000000 -0.5000000 0.4000000
384.5223
409.4204
491.7912
494.5551
754.8328
794.2474
0.0000000 -0.5000000 -0.5000000
356.8660
380.9452
517.9738
555.2396
705.6372
765.0807
0.1000000 0.1000000 0.0000000
30.3757
114.7060
273.8924
462.6079
484.9569
791.6959
0.1000000 0.1000000 0.1000000
101.2717
143.8950
337.7239
440.5437
466.4465
761.8702
0.1000000 0.1000000 0.2000000
221.8677
229.3719
392.3015
415.5059
470.6883
704.5467
0.1000000 0.1000000 0.3000000
316.5935
324.1046
338.4055
347.2246
605.0916
632.2706
0.1000000 0.1000000 0.4000000
250.9029
262.2122
378.6195
398.9405
509.4633
688.1928
0.1000000 0.1000000 -0.5000000
139.4142
163.6716
368.9061
429.2195
455.5192
747.3033
0.1000000 0.2000000 0.0000000
103.2442
191.9370
392.0748
493.8714
526.0273
743.3844
0.1000000 0.2000000 0.1000000
145.0523
225.4228
436.0704
493.9589
514.3783
731.9004
0.1000000 0.2000000 0.2000000
246.1099
296.6266
434.0409
459.1923
544.3105
700.5603
0.1000000 0.2000000 0.3000000
332.8669
342.3729
378.7589
381.6916
623.4528
643.0379
0.1000000 0.2000000 0.4000000
263.2603
309.4794
421.4364
435.1788
565.7561
687.9989
0.1000000 0.2000000 -0.5000000
182.9198
240.5888
446.9879
498.3593
505.6719
725.6042
0.1000000 0.3000000 0.0000000
203.7375
269.2106
466.6917
560.8058
597.2408
681.4660
0.1000000 0.3000000 0.1000000
225.0257
309.3883
488.7744
556.0412
595.3808
704.3823
0.1000000 0.3000000 0.2000000
266.2547
359.4848
470.3959
495.3633
634.3904
713.7856
0.1000000 0.3000000 0.3000000
343.8050
361.5429
422.4617
432.0494
672.7914
683.3504
0.1000000 0.3000000 0.4000000
275.2953
367.9967
453.6657
476.0475
644.7702
708.5295
0.1000000 0.3000000 -0.5000000
236.4353
325.0880
490.3651
545.8594
603.9090
711.0585
0.1000000 0.4000000 0.0000000
319.6801
331.5907
516.2705
622.0735
623.4850
676.6730
0.1000000 0.4000000 0.1000000
296.1074
362.0761
519.0403
575.2223
658.5086
714.5684
0.1000000 0.4000000 0.2000000
301.9790
404.7668
481.6214
528.4021
699.9243
745.2939
0.1000000 0.4000000 0.3000000
362.2153
381.6401
466.7609
478.0708
730.8317
736.9298
0.1000000 0.4000000 0.4000000
315.9457
410.5812
467.1035
515.0537
709.4670
746.2166
0.1000000 0.4000000 -0.5000000
294.2751
374.3651
515.1614
562.4189
669.5492
726.6289
0.2000000 0.2000000 0.0000000
174.5987
236.0371
456.1151
526.1652
574.8106
703.4388
0.2000000 0.2000000 0.1000000
208.5111
275.7869
475.8470
538.4602
565.4264
713.1593
0.2000000 0.2000000 0.2000000
261.6058
330.9518
454.9481
486.2931
605.7044
708.5175
0.2000000 0.2000000 0.3000000
346.3833
360.8328
399.4885
408.4629
655.0900
668.4939
0.2000000 0.2000000 0.4000000
273.8269
344.5126
439.4216
462.2469
618.9502
700.6721
0.2000000 0.2000000 -0.5000000
223.8358
291.1115
476.5960
534.6388
570.4060
715.2127
0.2000000 0.3000000 0.0000000
241.0630
319.0837
474.2542
601.4817
624.1517
647.4639
0.2000000 0.3000000 0.1000000
251.7635
355.6373
505.5064
562.0522
634.7604
693.2767
0.2000000 0.3000000 0.2000000
270.2884
396.9062
488.9592
513.0751
664.2013
717.1684
0.2000000 0.3000000 0.3000000
336.8166
356.9115
459.7047
468.6049
691.0866
698.4180
0.2000000 0.3000000 0.4000000
277.0653
396.1852
471.0666
502.7004
671.5628
714.9956
0.2000000 0.3000000 -0.5000000
257.0579
369.8502
513.5844
546.3171
642.2199
704.6163
0.2000000 0.4000000 0.0000000
321.8769
391.4622
507.0873
585.3104
635.0117
680.3574
0.2000000 0.4000000 0.1000000
305.2506
421.3821
538.2397
552.8296
678.0382
693.8329
0.2000000 0.4000000 0.2000000
299.1990
430.2319
506.8197
561.1469
703.4655
725.3350
0.2000000 0.4000000 0.3000000
339.2145
356.6533
516.4765
525.1346
720.5640
723.9115
0.2000000 0.4000000 0.4000000
305.6371
414.1924
505.2354
553.6248
708.7675
727.7151
0.2000000 0.4000000 -0.5000000
302.8405
431.8902
530.7072
558.3089
686.6724
703.9630
0.3000000 0.3000000 0.0000000
326.5564
341.7526
518.9649
614.0908
629.5940
682.7795
0.3000000 0.3000000 0.1000000
305.9747
372.5277
522.3170
573.5310
663.1547
715.9909
0.3000000 0.3000000 0.2000000
305.4506
412.6042
482.4925
534.5294
703.9271
746.8665
0.3000000 0.3000000 0.3000000
361.4413
380.4568
475.7403
486.8998
734.4036
740.1879
0.3000000 0.3000000 0.4000000
318.2632
415.8344
469.9061
522.3031
713.4080
748.2362
0.3000000 0.3000000 -0.5000000
300.2712
384.5843
517.4673
562.8624
674.0347
727.6960
weight
   0.0000000   0.0000000   0.0000000   0.0020000
   0.0000000   0.0000000   0.1000000   0.0040000
   0.0000000   0.0000000   0.2000000   0.0040000
   0.0000000   0.0000000   0.3000000   0.0040000
   0.0000000   0.0000000   0.4000000   0.0040000
   0.0000000   0.0000000  -0.5000000   0.0020000
   0.0000000   0.1000000   0.0000000   0.0120000
   0.0000000   0.1000000   0.1000000   0.0240000
   0.0000000   0.1000000   0.2000000   0.0240000
   0.0000000   0.1000000   0.3000000   0.0240000
   0.0000000   0.1000000   0.4000000   0.0240000
   0.0000000   0.1000000  -0.5000000   0.0120000
   0.0000000   0.2000000   0.0000000   0.0120000
   0.0000000   0.2000000   0.1000000   0.0240000
   0.0000000   0.2000000   0.2000000   0.0240000
   0.0000000   0.2000000   0.3000000   0.0240000
   0.0000000   0.2000000   0.4000000   0.0240000
   0.0000000   0.2000000  -0.5000000   0.0120000
   0.0000000   0.3000000   0.0000000   0.0120000
   0.0000000   0.3000000   0.1000000   0.0240000
   0.0000000   0.3000000   0.2000000   0.0240000
   0.0000000   0.3000000   0.3000000   0.0240000
   0.0000000   0.3000000   0.4000000   0.0240000
   0.0000000   0.3000000  -0.5000000   0.0120000
   0.0000000   0.4000000   0.0000000   0.0120000
   0.0000000   0.4000000   0.1000000   0.0240000
   0.0000000   0.4000000   0.2000000   0.0240000
   0.0000000   0.4000000   0.3000000   0.0240000
   0.0000000   0.4000000   0.4000000   0.0240000
   0.0000000   0.4000000  -0.5000000   0.0120000
   0.0000000  -0.5000000   0.0000000   0.0060000
   0.0000000  -0.5000000   0.1000000   0.0120000
   0.0000000  -0.5000000   0.2000000   0.0120000
   0.0000000  -0.5000000   0.3000000   0.0120000
   0.0000000  -0.5000000   0.4000000   0.0120000
   0.0000000  -0.5000000  -0.5000000   0.0060000
   0.1000000   0.1000000   0.0000000   0.0120000
   0.1000000   0.1000000   0.1000000   0.0240000
   0.1000000   0.1000000   0.2000000   0.0240000
   0.1000000   0.1000000   0.3000000   0.0240000
   0.1000000   0.1000000   0.4000000   0.0240000
   0.1000000   0.1000000  -0.5000000   0.0120000
   0.1000000   0.2000000   0.0000000   0.0240000
   0.1000000   0.2000000   0.1000000   0.0480000
   0.1000000   0.2000000   0.2000000   0.0480000
   0.1000000   0.2000000   0.3000000   0.0480000
   0.1000000   0.2000000   0.4000000   0.0480000
   0.1000000   0.2000000  -0.5000000   0.0240000
   0.1000000   0.3000000   0.0000000   0.0240000
   0.1000000   0.3000000   0.1000000   0.0480000
   0.1000000   0.3000000   0.2000000   0.0480000
   0.1000000   0.3000000   0.3000000   0.0480000
   0.1000000   0.3000000   0.4000000   0.0480000
   0.1000000   0.3000000  -0.5000000   0.0240000
   0.1000000   0.4000000   0.0000000   0.0240000
   0.1000000   0.4000000   0.1000000   0.0480000
   0.1000000   0.4000000   0.2000000   0.0480000
   0.1000000   0.4000000   0.3000000   0.0480000
   0.1000000   0.4000000   0.4000000   0.0480000
   0.1000000   0.4000000  -0.5000000   0.0240000
   0.2000000   0.2000000   0.0000000   0.0120000
   0.2000000   0.2000000   0.1000000   0.0240000
   0.2000000   0.2000000   0.2000000   0.0240000
   0.2000000   0.2000000   0.3000000   0.0240000
   0.2000000   0.2000000   0.4000000   0.0240000
   0.2000000   0.2000000  -0.5000000   0.0120000
   0.2000000   0.3000000   0.0000000   0.0240000
   0.2000000   0.3000000   0.1000000   0.0480000
   0.2000000   0.3000000   0.2000000   0.0480000
   0.2000000   0.3000000   0.3000000   0.0480000
   0.2000000   0.3000000   0.4000000   0.0480000
   0.2000000   0.3000000  -0.5000000   0.0240000
   0.2000000   0.4000000   0.0000000   0.0120000
   0.2000000   0.4000000   0.1000000   0.0240000
   0.2000000   0.4000000   0.2000000   0.0240000
   0.2000000   0.4000000   0.3000000   0.0240000
   0.2000000   0.4000000   0.4000000   0.0240000
   0.2000000   0.4000000  -0.5000000   0.0120000
   0.3000000   0.3000000   0.0000000   0.0120000
   0.3000000   0.3000000   0.1000000   0.0240000
   0.3000000   0.3000000   0.2000000   0.0240000
   0.3000000   0.3000000   0.3000000   0.0240000
   0.3000000   0.3000000   0.4000000   0.0240000
   0.3000000   0.3000000  -0.5000000   0.0120000