Number of volumes (nv), q-vectors (nq), normal mode (np), formula units(nm)
10 84 6 1

P	=	0.43	V	=	148.1089	E	=	-655.56469392
0.0 0.0 0.0
-0.0
0.0
0.0
158.4375
158.4375
283.8475
0.0 0.0 0.1
34.0087
34.0087
90.8141
152.8925
152.8925
279.852
0.0 0.0 0.2
70.3967
70.3967
136.9705
136.9705
166.1792
263.8359
0.0 0.0 0.3
104.9767
104.9767
111.5589
111.5589
221.4563
230.8463
0.0 0.0 0.4
78.1731
78.1731
132.3082
132.3082
179.6646
258.2744
0.0 0.0 -0.5
41.6488
41.6488
108.5885
150.3173
150.3173
277.6675
0.0 0.1 0.0
41.5832
42.936
82.3318
164.2985
174.618
281.1583
0.0 0.1 0.1
55.1609
70.1367
112.1471
159.2849
169.4736
277.3649
0.0 0.1 0.2
84.0103
97.1511
144.5287
154.6666
173.2974
262.4322
0.0 0.1 0.3
114.791
120.8407
125.7308
131.5296
223.3474
231.9788
0.0 0.1 0.4
90.7582
103.2709
140.1647
150.3541
185.3259
257.2826
0.0 0.1 -0.5
60.6293
75.8902
125.0428
156.9273
167.0785
275.3109
0.0 0.2 0.0
77.7198
82.8703
152.785
177.6252
208.6339
273.5822
0.0 0.2 0.1
87.799
99.1505
166.7801
173.6637
203.3296
270.8954
0.0 0.2 0.2
110.5938
128.0563
161.3038
187.7212
199.9046
260.3554
0.0 0.2 0.3
135.9057
141.013
157.4948
163.4855
233.0007
238.9932
0.0 0.2 0.4
116.0559
134.4317
157.5586
183.1864
207.4875
256.7298
0.0 0.2 -0.5
92.0251
105.0542
171.7448
172.9076
200.8391
269.4425
0.0 0.3 0.0
104.2609
117.7428
190.9082
203.7392
239.4098
262.3398
0.0 0.3 0.1
113.3585
122.9593
187.7447
213.6917
229.6841
264.8452
0.0 0.3 0.2
133.7695
141.3345
177.5202
206.5726
234.6179
264.3722
0.0 0.3 0.3
155.8661
160.2601
170.1433
176.8394
252.7449
255.7157
0.0 0.3 0.4
138.5891
146.8903
174.3637
200.6399
238.9603
263.2564
0.0 0.3 -0.5
117.1707
125.716
186.1859
217.519
225.8849
265.2998
0.0 0.4 0.0
119.9173
146.4275
199.902
234.1793
249.0768
257.6679
0.0 0.4 0.1
128.3695
143.9176
197.046
231.7631
243.4355
267.6153
0.0 0.4 0.2
147.9138
148.7002
188.1484
205.4416
258.5716
273.3582
0.0 0.4 0.3
168.8647
169.6802
172.8883
175.6753
269.642
271.1157
0.0 0.4 0.4
151.9181
152.552
185.4102
199.1172
261.4717
273.5434
0.0 0.4 -0.5
131.9756
143.7194
195.6695
226.7371
246.5746
269.497
0.0 -0.5 0.0
126.7054
166.8801
204.2444
236.8309
248.4208
264.487
0.0 -0.5 0.1
134.6469
159.3105
201.3921
223.8915
257.0349
271.2001
0.0 -0.5 0.2
153.7828
153.9433
193.0828
198.6579
270.1051
277.9236
0.0 -0.5 0.3
166.6634
171.585
174.8745
178.7823
277.6069
278.3545
0.0 -0.5 0.4
154.8786
158.6134
190.5653
192.6772
272.2743
278.5677
0.0 -0.5 -0.5
138.1267
157.0772
200.0677
219.0821
260.024
273.0672
0.1 0.1 0.0
59.0854
59.9927
112.4571
170.1146
187.4748
278.5552
0.1 0.1 0.1
70.2353
83.2348
132.9782
165.5869
182.4622
275.032
0.1 0.1 0.2
95.5467
111.614
151.7873
167.9407
181.677
261.3488
0.1 0.1 0.3
123.4136
128.6776
140.2256
145.5009
225.9189
233.7071
0.1 0.1 0.4
101.616
117.522
147.7678
163.7123
192.0958
256.6578
0.1 0.1 -0.5
74.9204
89.635
142.3028
163.4563
180.1201
273.1376
0.1 0.2 0.0
91.7181
95.0178
157.1008
190.0055
213.0008
271.2198
0.1 0.2 0.1
102.4549
104.1928
169.4214
188.6481
207.2876
269.0369
0.1 0.2 0.2
123.4065
127.3787
171.8126
190.894
207.0338
260.1036
0.1 0.2 0.3
144.0215
146.1822
164.2296
167.8917
236.1493
241.4432
0.1 0.2 0.4
128.2034
133.0049
169.1778
186.2349
213.6127
256.9716
0.1 0.2 -0.5
106.5786
108.2973
173.1229
189.2914
204.6247
267.8302
0.1 0.3 0.0
123.0838
123.2719
189.0712
214.7165
238.3431
260.3035
0.1 0.3 0.1
122.8368
132.8801
192.9685
218.8758
228.3623
263.5054
0.1 0.3 0.2
135.2655
150.6404
188.346
205.148
236.5818
263.9337
0.1 0.3 0.3
157.589
160.9904
179.9313
182.5945
253.4569
256.2154
0.1 0.3 0.4
139.7103
154.6095
185.8043
199.8416
240.5811
263.0132
0.1 0.3 -0.5
124.2241
136.26
193.1909
220.3347
225.5416
264.1552
0.1 0.4 0.0
139.1393
150.5911
205.6728
234.9654
247.291
255.3987
0.1 0.4 0.1
139.8781
152.2721
204.717
229.725
243.4622
265.6107
0.1 0.4 0.2
142.1523
167.0149
193.2053
209.2778
257.4609
271.6169
0.1 0.4 0.3
159.5218
164.491
189.2074
192.5796
268.2064
269.6275
0.1 0.4 0.4
144.6049
170.295
189.1435
205.5083
260.2664
271.8577
0.1 0.4 -0.5
139.5308
154.6549
203.4942
225.273
246.2025
267.5493
0.2 0.2 0.0
109.3348
112.3532
182.7672
202.8243
232.0513
264.4838
0.2 0.2 0.1
114.4573
121.1507
186.3403
207.5616
224.1063
265.0986
0.2 0.2 0.2
131.9707
141.1024
180.205
203.244
227.6301
262.2348
0.2 0.2 0.3
154.0227
156.839
173.1493
177.3714
247.8613
251.3253
0.2 0.2 0.4
136.8658
145.9397
177.5411
197.8497
232.3439
260.6397
0.2 0.2 -0.5
117.1943
124.8134
186.218
210.619
220.7468
265.0095
0.2 0.3 0.0
137.1121
145.3583
195.8966
229.6692
241.8187
254.414
0.2 0.3 0.1
133.1545
152.3326
202.9408
226.5056
233.1617
261.7505
0.2 0.3 0.2
137.7169
166.4549
200.3476
205.6835
245.1196
265.4492
0.2 0.3 0.3
157.8512
162.8207
192.2411
194.4723
258.6403
260.7276
0.2 0.3 0.4
140.9704
168.8462
196.07
203.3508
248.3629
265.1605
0.2 0.3 -0.5
132.7562
155.1536
204.3453
221.9303
234.7211
263.1932
0.2 0.4 0.0
161.1662
171.1388
212.1676
242.0465
243.3703
249.5166
0.2 0.4 0.1
151.1188
177.0744
218.0611
223.4561
247.4552
261.1285
0.2 0.4 0.2
143.7426
182.7908
200.8208
221.8472
257.1077
268.5007
0.2 0.4 0.3
155.4634
160.1948
209.9997
212.6237
266.414
267.6074
0.2 0.4 0.4
144.5489
179.3121
201.1958
220.4762
259.4927
268.9896
0.2 0.4 -0.5
148.3746
179.3024
215.0696
222.6342
248.9318
263.3976
0.3 0.3 0.0
143.4405
153.7574
207.61
236.7406
245.6152
256.0612
0.3 0.3 0.1
142.5697
155.9241
206.6456
228.9896
245.0538
265.6784
0.3 0.3 0.2
142.6638
170.3628
193.504
210.6827
258.733
271.9168
0.3 0.3 0.3
158.8112
163.78
192.1804
195.4875
268.9948
270.3176
0.3 0.3 0.4
144.7451
173.1609
189.4154
207.4284
261.4366
272.2306
0.3 0.3 -0.5
141.6898
158.3891
205.25
224.7409
247.7782
267.644
P	=	200.38	V	=	136.6126	E	=	-655.55745664
0.0 0.0 0.0
-0.0
-0.0
-0.0
183.3203
183.3203
334.1644
0.0 0.0 0.1
41.6514
41.6514
100.5109
177.0487
177.0487
328.7427
0.0 0.0 0.2
83.0272
83.0272
158.5531
158.5531
188.7975
309.0049
0.0 0.0 0.3
121.4934
121.4934
129.177
129.177
256.9543
268.9067
0.0 0.0 0.4
91.904
91.904
152.9295
152.9295
205.7429
302.075
0.0 0.0 -0.5
50.8566
50.8566
121.4054
173.9923
173.9923
325.8438
0.0 0.1 0.0
44.8146
48.2539
97.3214
190.1175
202.6829
330.8475
0.0 0.1 0.1
65.0301
77.2623
129.7108
184.3971
196.7249
325.7161
0.0 0.1 0.2
98.3117
111.6962
167.2782
179.2657
199.0353
307.342
0.0 0.1 0.3
132.9001
139.9796
145.1582
152.1066
259.7207
270.582
0.0 0.1 0.4
106.1251
119.2026
162.0415
174.0057
213.8511
300.9496
0.0 0.1 -0.5
71.7293
85.1659
144.1639
181.5885
193.8276
322.9939
0.0 0.2 0.0
88.0832
90.2252
180.6807
205.7327
243.7178
321.2989
0.0 0.2 0.1
102.0869
107.4746
196.6307
201.113
237.1538
317.7839
0.0 0.2 0.2
128.4743
143.8886
186.7763
217.7066
234.4291
305.2041
0.0 0.2 0.3
157.4361
163.4599
180.5768
188.1411
272.9978
280.2575
0.0 0.2 0.4
134.9313
152.1867
182.3143
212.0082
243.4163
300.838
0.0 0.2 -0.5
107.1809
115.0157
198.8033
203.7617
233.9765
315.9187
0.0 0.3 0.0
121.1172
127.9873
221.6695
241.1814
281.6914
306.7656
0.0 0.3 0.1
131.5185
135.1439
217.9191
252.3196
268.8462
310.7852
0.0 0.3 0.2
155.0228
158.6114
205.9433
239.011
277.2552
311.3144
0.0 0.3 0.3
180.6316
185.8892
194.0582
202.4925
298.3804
301.8883
0.0 0.3 0.4
160.7711
165.7348
202.1486
231.4423
282.4787
310.1551
0.0 0.3 -0.5
136.0355
138.8993
216.0191
256.2047
264.4121
311.6002
0.0 0.4 0.0
139.4143
162.2745
232.9295
277.6997
289.5004
305.3054
0.0 0.4 0.1
149.0313
160.4506
229.5809
269.3442
288.6215
316.2896
0.0 0.4 0.2
167.6281
171.3631
218.925
237.0464
306.6586
323.7698
0.0 0.4 0.3
193.3381
195.7413
200.6502
200.8335
319.8931
321.6491
0.0 0.4 0.4
171.8022
176.8724
215.52
229.0864
310.2478
324.1404
0.0 0.4 -0.5
153.2726
160.6038
227.8921
262.9506
292.4654
318.7036
0.0 -0.5 0.0
147.4031
187.1404
238.6974
273.81
295.0608
315.0483
0.0 -0.5 0.1
156.4946
179.2413
235.439
259.0098
305.1351
322.5044
0.0 -0.5 0.2
174.0042
178.3987
225.2653
228.8515
321.0426
330.7357
0.0 -0.5 0.3
189.9967
196.1507
202.7301
207.576
330.4593
331.4179
0.0 -0.5 0.4
175.5589
183.9009
221.4214
222.0102
323.8275
331.5939
0.0 -0.5 -0.5
160.5816
176.859
233.816
253.1362
308.8223
324.7892
0.1 0.1 0.0
63.0318
68.5548
132.9265
196.9748
218.1229
327.5969
0.1 0.1 0.1
82.0268
90.2911
155.8221
191.7989
212.1777
322.8606
0.1 0.1 0.2
111.3653
126.7583
175.661
194.7616
210.6669
306.1084
0.1 0.1 0.3
142.8974
148.9969
161.6036
168.022
263.3703
273.0444
0.1 0.1 0.4
118.4618
134.3383
170.8766
189.5437
223.2369
300.3235
0.1 0.1 -0.5
87.7595
98.7006
166.3076
189.2928
209.2884
320.3623
0.1 0.2 0.0
98.0753
110.1731
184.5467
221.9317
249.0698
318.2459
0.1 0.2 0.1
111.7092
120.4595
197.3336
221.4223
241.8566
315.4794
0.1 0.2 0.2
141.7994
144.254
198.6548
221.3787
243.5896
305.0654
0.1 0.2 0.3
166.4676
168.4434
189.0705
193.3196
277.2307
283.5738
0.1 0.2 0.4
148.346
150.7881
195.5804
215.4503
251.339
301.3566
0.1 0.2 -0.5
117.5737
124.9414
200.8352
222.9323
238.3981
313.9745
0.1 0.3 0.0
134.6941
142.852
219.9341
254.119
280.59
304.0074
0.1 0.3 0.1
136.0565
153.248
223.726
258.4954
267.7825
309.116
0.1 0.3 0.2
152.0266
174.0671
218.3
237.4092
280.0329
310.8727
0.1 0.3 0.3
180.1496
184.8672
207.8717
210.9748
299.4808
302.696
0.1 0.3 0.4
157.7783
178.7798
215.1633
230.772
284.7888
309.9814
0.1 0.3 -0.5
137.997
157.3822
223.9076
257.9286
266.1464
310.2129
0.1 0.4 0.0
161.7762
167.5805
239.4806
279.0635
286.9915
302.7482
0.1 0.4 0.1
158.0701
174.7864
238.2926
266.8932
289.038
313.7484
0.1 0.4 0.2
160.1908
193.2704
223.5654
242.9681
305.5293
321.5873
0.1 0.4 0.3
181.424
187.7386
219.6799
223.7991
318.2355
319.8994
0.1 0.4 0.4
163.3112
197.0302
218.3694
238.6069
308.9638
322.0534
0.1 0.4 -0.5
157.1694
178.3526
236.7227
261.2951
292.3849
316.2254
0.2 0.2 0.0
121.7735
126.8914
212.9617
239.199
272.5913
309.5112
0.2 0.2 0.1
127.3757
138.3479
216.0084
245.2623
262.2401
310.8164
0.2 0.2 0.2
149.4355
161.8647
208.7559
235.3409
268.9346
308.3871
0.2 0.2 0.3
177.3644
180.7196
199.2063
204.023
292.3005
296.3789
0.2 0.2 0.4
155.8691
167.5914
205.5393
228.4782
274.5377
306.652
0.2 0.2 -0.5
130.8717
142.928
215.7185
248.5695
258.1307
310.9044
0.2 0.3 0.0
151.4194
168.7646
227.9352
272.7168
285.2259
296.1731
0.2 0.3 0.1
147.761
176.6746
235.4441
264.2781
277.0231
307.371
0.2 0.3 0.2
154.3615
192.718
231.9066
238.6572
290.8401
313.1535
0.2 0.3 0.3
179.3191
185.7361
223.2795
226.0545
306.2438
308.6227
0.2 0.3 0.4
158.5853
195.2515
226.5348
236.1129
294.6583
313.0582
0.2 0.3 -0.5
147.5709
180.0156
237.0532
258.0872
279.0491
309.4806
0.2 0.4 0.0
180.8076
199.3263
247.3599
279.9078
289.1045
296.2338
0.2 0.4 0.1
169.6193
205.9556
253.4259
259.5699
294.8411
307.8318
0.2 0.4 0.2
161.4261
210.1517
233.6753
259.0595
305.6295
317.5512
0.2 0.4 0.3
175.887
181.8142
245.3306
248.5259
316.1776
317.4916
0.2 0.4 0.4
162.5489
205.1559
234.676
257.5282
308.4196
318.3933
0.2 0.4 -0.5
166.413
208.4855
249.0718
259.2197
296.5805
310.7513
0.3 0.3 0.0
166.8218
171.4724
241.8233
281.24
284.7868
303.7415
0.3 0.3 0.1
160.968
179.4602
240.5736
265.8938
291.0098
314.0245
0.3 0.3 0.2
160.7038
197.2251
223.6963
244.987
307.1222
322.0677
0.3 0.3 0.3
180.4401
186.7201
223.3833
227.4307
319.2796
320.8276
0.3 0.3 0.4
163.3674
200.2127
218.7021
241.2171
310.4372
322.6194
0.3 0.3 -0.5
159.5318
182.9918
238.7271
260.6753
294.3241
316.5053
P	=	499.8	V	=	125.6279	E	=	-655.53214918
0.0 0.0 0.0
-0.0
-0.0
0.0
216.0088
216.0088
394.9137
0.0 0.0 0.1
56.6804
56.6804
115.523
209.0855
209.0855
387.9691
0.0 0.0 0.2
105.3585
105.3585
187.936
187.936
219.2946
363.8503
0.0 0.0 0.3
146.4191
146.4191
155.0003
155.0003
300.9658
315.7975
0.0 0.0 0.4
115.2641
115.2641
181.2685
181.2685
240.1733
355.2235
0.0 0.0 -0.5
68.6088
68.6088
140.6451
205.5092
205.5092
384.2109
0.0 0.1 0.0
50.5237
58.4693
115.3771
223.6329
238.32
390.8717
0.0 0.1 0.1
81.5894
89.9419
153.3158
217.2815
231.5733
384.3313
0.0 0.1 0.2
121.2923
133.9797
197.7346
211.3141
232.8645
361.9641
0.0 0.1 0.3
159.0099
167.025
172.1414
180.2128
304.7383
318.1244
0.0 0.1 0.4
130.2146
143.0781
191.5376
204.9992
250.8421
354.0382
0.0 0.1 -0.5
90.4057
100.7865
170.2288
213.9901
228.1196
380.8172
0.0 0.2 0.0
99.7162
108.9315
214.2319
241.4871
286.3431
379.1942
0.0 0.2 0.1
122.4854
123.2433
233.0119
236.2571
278.4773
374.8091
0.0 0.2 0.2
153.847
166.7391
219.89
255.0369
276.8896
359.8202
0.0 0.2 0.3
186.4443
193.4484
210.7622
220.0246
321.7987
330.5921
0.0 0.2 0.4
161.4019
177.1362
214.6206
248.039
287.6305
354.5092
0.0 0.2 -0.5
129.4845
131.8858
233.5292
241.5732
274.5385
372.455
0.0 0.3 0.0
145.6304
145.7362
260.3373
286.0603
332.1277
361.3114
0.0 0.3 0.1
154.5453
157.0315
255.9457
298.4357
316.3744
366.5998
0.0 0.3 0.2
183.1054
183.4407
242.1097
279.5824
328.0538
367.8339
0.0 0.3 0.3
212.8087
219.0626
225.6508
236.0445
352.9139
357.1544
0.0 0.3 0.4
190.2213
192.0065
237.5928
270.2204
334.3852
366.5366
0.0 0.3 -0.5
159.315
162.2237
253.6541
302.045
311.6832
367.7317
0.0 0.4 0.0
167.077
185.9677
274.269
329.6728
339.9145
362.0052
0.0 0.4 0.1
177.4221
184.496
270.2154
316.115
342.4129
374.4902
0.0 0.4 0.2
194.1426
202.2699
257.5822
277.5708
363.5537
383.7875
0.0 0.4 0.3
225.3093
230.3193
234.5558
236.2237
379.4917
381.6486
0.0 0.4 0.4
199.498
208.7562
253.444
267.795
367.995
384.3545
0.0 0.4 -0.5
182.2256
184.9582
268.1167
308.1912
347.0104
377.494
0.0 -0.5 0.0
176.3169
215.6773
281.7573
320.3291
350.6525
375.349
0.0 -0.5 0.1
186.3055
207.16
277.7451
303.3953
362.299
383.6273
0.0 -0.5 0.2
202.3279
210.7633
265.3954
268.175
381.3462
393.4464
0.0 -0.5 0.3
222.0922
229.6763
238.6235
244.4591
393.1294
394.3764
0.0 -0.5 0.4
204.5273
217.2071
259.1725
261.3575
384.8971
394.5564
0.0 -0.5 -0.5
190.9907
204.5631
275.6831
296.323
366.7813
386.3676
0.1 0.1 0.0
71.1617
82.7094
157.6699
231.435
256.2688
386.9027
0.1 0.1 0.1
100.2353
103.5777
184.7891
225.6774
249.3839
380.9004
0.1 0.1 0.2
135.2308
149.097
207.1616
228.9003
247.7574
360.612
0.1 0.1 0.3
170.1189
177.0135
190.2031
197.7985
309.5592
321.3993
0.1 0.1 0.4
143.4487
158.5665
201.5191
222.5726
262.832
353.4762
0.1 0.1 -0.5
107.748
114.3333
197.1893
222.769
245.8823
377.6929
0.1 0.2 0.0
111.1253
131.547
218.3644
261.3319
292.7412
375.4346
0.1 0.2 0.1
127.4624
143.7101
232.3744
261.5599
284.001
372.0428
0.1 0.2 0.2
164.8429
170.7633
233.1125
259.3188
288.0014
359.8012
0.1 0.2 0.3
196.2839
198.0483
221.2136
226.042
327.1099
334.7691
0.1 0.2 0.4
174.0309
177.6245
229.4833
251.9854
297.2598
355.3282
0.1 0.2 -0.5
134.8837
149.1335
236.04
263.8724
279.6676
370.1746
0.1 0.3 0.0
153.389
169.8952
258.3643
301.4555
330.9686
357.8453
0.1 0.3 0.1
156.0292
181.006
262.2769
305.4437
315.9069
364.6116
0.1 0.3 0.2
175.8975
204.597
256.0374
277.8583
331.5949
367.4101
0.1 0.3 0.3
210.1748
216.2847
243.5368
247.1989
354.3619
358.2379
0.1 0.3 0.4
183.1581
210.1714
252.2395
269.7447
337.3169
366.4517
0.1 0.3 -0.5
158.6478
185.7919
262.4377
302.9151
315.3505
366.1236
0.1 0.4 0.0
191.9315
192.0407
281.4208
331.5561
336.6639
359.0593
0.1 0.4 0.1
182.8462
205.3079
279.8833
313.1512
343.2086
371.3939
0.1 0.4 0.2
185.7215
226.813
262.1889
285.2299
362.2999
381.1282
0.1 0.4 0.3
211.4105
219.1972
258.072
263.0468
377.4769
379.5112
0.1 0.4 0.4
189.7277
231.1387
255.9004
280.0573
366.5062
381.8138
0.1 0.4 -0.5
181.6974
209.7334
277.9142
306.2814
347.1746
374.4733
0.2 0.2 0.0
138.4473
151.6012
250.4684
283.2556
321.0698
364.6746
0.2 0.2 0.1
146.2089
163.7516
253.4048
290.3524
308.4259
366.5297
0.2 0.2 0.2
173.4743
190.2701
245.0203
275.3522
318.2385
364.1956
0.2 0.2 0.3
207.9346
212.0469
232.9349
238.4179
345.5614
350.4792
0.2 0.2 0.4
181.6688
196.9738
241.1704
266.8796
324.9814
362.191
0.2 0.2 -0.5
150.7467
169.0486
252.9813
293.6867
303.7986
366.7457
0.2 0.3 0.0
172.744
199.4094
267.6075
324.1454
336.8703
348.047
0.2 0.3 0.1
169.3269
208.0088
275.7588
310.4771
329.1706
362.7257
0.2 0.3 0.2
178.2988
225.9369
271.7436
279.7035
344.7903
370.4234
0.2 0.3 0.3
208.5714
216.5423
262.0483
265.3989
362.7299
365.586
0.2 0.3 0.4
183.7016
228.7435
265.2587
276.7742
349.3436
370.4525
0.2 0.3 -0.5
169.3948
211.8411
277.6292
302.6519
331.5523
365.5149
0.2 0.4 0.0
207.0766
234.7442
290.3145
327.5912
342.9342
352.0556
0.2 0.4 0.1
194.9598
241.9144
296.9979
304.3283
350.8494
363.9399
0.2 0.4 0.2
186.6264
245.2353
274.8267
304.306
362.7442
376.0788
0.2 0.4 0.3
204.4827
211.773
288.5132
292.3685
374.9415
376.5046
0.2 0.4 0.4
188.2758
239.024
276.1486
302.5918
366.029
377.2515
0.2 0.4 -0.5
191.3812
244.7255
291.7425
303.9633
352.8337
367.5966
0.3 0.3 0.0
196.4817
197.7711
284.1662
333.8867
334.1627
360.4381
0.3 0.3 0.1
186.0772
210.8313
282.5276
311.9196
345.588
371.8761
0.3 0.3 0.2
186.2894
231.3655
262.3003
287.7726
364.2518
381.7964
0.3 0.3 0.3
210.2164
217.9451
262.503
267.3987
378.7932
380.6898
0.3 0.3 0.4
189.7491
234.637
256.4215
283.2924
368.3146
382.582
0.3 0.3 -0.5
184.3398
215.1734
280.1899
305.5909
349.5188
374.9385
P	=	749.89	V	=	119.1888	E	=	-655.50503799
0.0 0.0 0.0
-0.0
-0.0
0.0
235.0094
235.0094
436.2848
0.0 0.0 0.1
61.3476
61.3476
128.3378
227.4495
227.4495
428.3876
0.0 0.0 0.2
114.3093
114.3093
204.4403
204.4403
242.4499
401.26
0.0 0.0 0.3
159.1259
159.1259
168.6234
168.6234
331.6928
348.1924
0.0 0.0 0.4
125.286
125.286
197.0768
197.0768
265.6163
391.4944
0.0 0.0 -0.5
74.4934
74.4934
156.5106
223.4851
223.4851
424.0557
0.0 0.1 0.0
56.9601
63.3069
126.4553
243.3841
259.5765
431.719
0.0 0.1 0.1
88.3337
98.919
169.1064
236.4343
252.1708
424.3094
0.0 0.1 0.2
131.4718
145.8211
215.0721
229.9971
257.1851
399.2195
0.0 0.1 0.3
172.6311
181.5246
187.1497
196.0743
335.9168
350.824
0.0 0.1 0.4
141.3457
155.7794
208.192
222.9902
277.2017
390.2616
0.0 0.1 -0.5
98.0469
110.5649
188.2984
232.7732
248.3212
420.273
0.0 0.2 0.0
111.6274
118.0703
234.9213
263.0492
312.6161
418.5367
0.0 0.2 0.1
133.552
135.515
255.9197
257.2942
303.9398
413.6045
0.0 0.2 0.2
166.6763
182.3897
239.2061
278.0432
304.8746
396.8583
0.0 0.2 0.3
202.2176
210.0292
229.6717
239.8652
354.5886
364.4662
0.0 0.2 0.4
175.0073
193.6648
233.2833
270.2607
316.9621
390.8557
0.0 0.2 -0.5
140.4122
145.5852
254.2327
265.6157
299.543
410.9176
0.0 0.3 0.0
158.0964
161.7597
283.9462
313.904
363.6335
398.3631
0.0 0.3 0.1
170.4125
170.6527
279.0725
327.4391
346.7468
403.9465
0.0 0.3 0.2
198.9211
200.9167
263.6002
305.9553
360.8016
405.2398
0.0 0.3 0.3
230.9397
237.9446
247.0011
258.4858
388.5137
393.325
0.0 0.3 0.4
206.3832
210.668
258.4648
295.5717
367.949
403.7644
0.0 0.3 -0.5
175.6936
176.1074
276.4728
330.9027
342.1619
405.1834
0.0 0.4 0.0
181.701
204.9529
299.5633
362.0378
374.2514
397.5302
0.0 0.4 0.1
192.8758
203.0877
295.0159
347.2364
376.4153
411.9057
0.0 0.4 0.2
213.4784
219.7228
280.7922
304.8896
399.9845
422.6407
0.0 0.4 0.3
247.6595
250.3363
256.9571
257.9277
417.9897
420.4499
0.0 0.4 0.4
219.46
226.8694
276.0679
294.0425
405.065
423.3516
0.0 0.4 -0.5
198.1474
203.5317
292.6137
338.3509
381.5787
415.3896
0.0 -0.5 0.0
192.0228
236.7204
308.0728
352.259
385.2859
413.1592
0.0 -0.5 0.1
202.8281
227.5883
303.5306
333.5785
398.2274
422.3967
0.0 -0.5 0.2
222.849
229.3218
289.6021
295.1178
419.7945
433.6529
0.0 -0.5 0.3
244.8666
253.2856
259.7573
266.2917
433.4658
434.9217
0.0 -0.5 0.4
225.4474
236.4373
285.0008
285.189
423.9532
434.9978
0.0 -0.5 -0.5
207.9816
224.8041
301.1577
325.6908
403.3258
425.5383
0.1 0.1 0.0
80.0213
89.6157
172.8094
252.0012
279.3631
427.2374
0.1 0.1 0.1
108.6954
114.2603
203.2312
245.716
271.7774
420.4606
0.1 0.1 0.2
146.5498
162.5823
225.3463
249.2605
273.2984
397.7541
0.1 0.1 0.3
184.5988
192.2605
206.9186
215.2956
341.2392
354.4516
0.1 0.1 0.4
155.6301
172.8615
219.0594
242.2186
290.1606
389.6972
0.1 0.1 -0.5
116.8787
125.8778
217.2872
242.5242
267.8599
416.7877
0.1 0.2 0.0
124.123
142.7577
238.6431
285.765
319.6897
414.294
0.1 0.2 0.1
140.9001
155.9145
253.7316
286.7063
310.0398
410.4825
0.1 0.2 0.2
180.1006
185.286
253.8071
282.8611
317.0216
396.8014
0.1 0.2 0.3
213.0132
215.1269
241.1293
246.5421
360.369
368.9941
0.1 0.2 0.4
189.8266
193.0203
249.764
274.6969
327.4502
391.7367
0.1 0.2 -0.5
148.7505
161.88
257.4873
289.7519
305.1851
408.3513
0.1 0.3 0.0
169.9536
184.6232
281.6228
331.0205
362.4276
394.4476
0.1 0.3 0.1
171.8739
196.8141
285.8897
334.9516
346.7737
401.6819
0.1 0.3 0.2
192.5183
222.3464
279.1019
304.0974
364.8032
404.7463
0.1 0.3 0.3
229.0652
235.5064
265.9147
270.0314
390.095
394.4908
0.1 0.3 0.4
200.3909
228.4932
274.9416
295.036
371.2339
403.6501
0.1 0.3 -0.5
174.5045
202.0765
286.0608
331.5545
346.8035
403.3615
0.1 0.4 0.0
209.0038
211.2603
307.0924
364.2698
370.5616
394.3996
0.1 0.4 0.1
200.4626
223.9644
305.5037
343.8612
377.5305
408.4861
0.1 0.4 0.2
203.5491
247.0553
286.8045
312.5457
398.6459
419.6602
0.1 0.4 0.3
231.46
239.9466
281.947
287.4979
415.6814
417.9986
0.1 0.4 0.4
208.0005
251.8298
280.0554
306.5456
403.4201
420.4885
0.1 0.4 -0.5
199.1838
228.7506
303.3623
336.1285
381.9544
412.0477
0.2 0.2 0.0
153.8517
164.6162
273.1382
310.7191
351.2819
402.1541
0.2 0.2 0.1
161.1884
178.0307
276.1911
318.7147
337.6484
404.0755
0.2 0.2 0.2
189.61
206.8705
266.8736
301.0167
350.0868
401.367
0.2 0.2 0.3
226.0508
230.5395
254.2768
260.5678
380.4579
386.0304
0.2 0.2 0.4
198.4153
214.3258
262.574
291.6133
357.6781
399.0772
0.2 0.2 -0.5
165.8882
183.8799
275.6738
322.0047
333.033
404.2825
0.2 0.3 0.0
190.6829
216.9501
291.6035
356.4034
369.1311
383.383
0.2 0.3 0.1
186.2588
226.2216
300.6551
340.3351
362.2614
399.2387
0.2 0.3 0.2
195.2931
245.5855
297.4349
305.6267
379.4423
407.9099
0.2 0.3 0.3
227.8564
236.4869
286.1953
289.7775
399.286
402.5211
0.2 0.3 0.4
201.1839
248.721
290.4766
302.1326
384.5292
407.9453
0.2 0.3 -0.5
186.1235
230.4184
302.7722
331.592
364.9557
402.4104
0.2 0.4 0.0
227.3676
255.8859
316.5458
360.2769
376.4112
387.3818
0.2 0.4 0.1
213.7858
263.5752
324.7163
333.5545
386.3967
400.0855
0.2 0.4 0.2
204.5582
267.5924
301.2718
332.7134
399.2936
413.9055
0.2 0.4 0.3
224.0716
232.1073
315.4933
319.7683
412.7216
414.484
0.2 0.4 0.4
206.4183
261.1258
302.3885
330.8572
402.9372
415.268
0.2 0.4 -0.5
209.7515
266.6228
319.8349
332.2829
388.6009
404.2934
0.3 0.3 0.0
215.2994
216.1143
310.0995
367.1457
367.4273
396.0442
0.3 0.3 0.1
203.9728
229.9839
308.4464
342.5358
380.1504
409.0253
0.3 0.3 0.2
204.1949
252.0581
287.186
315.2164
400.8086
420.3981
0.3 0.3 0.3
230.2521
238.7061
286.8294
292.2938
417.1432
419.3055
0.3 0.3 0.4
208.056
255.7125
280.8202
310.0264
405.4224
421.3401
0.3 0.3 -0.5
202.0419
234.6961
305.9411
335.3719
384.544
412.5625
P	=	1000.07	V	=	114.0911	E	=	-655.47486058
0.0 0.0 0.0
0.0
0.0
0.0
250.5721
250.5721
471.916
0.0 0.0 0.1
63.1564
63.1564
139.7404
242.4349
242.4349
463.1443
0.0 0.0 0.2
119.4528
119.4528
217.7399
217.7399
262.4755
433.197
0.0 0.0 0.3
168.4568
168.4568
178.9522
178.9522
357.7875
375.6748
0.0 0.0 0.4
131.5195
131.5195
209.7244
209.7244
287.4744
422.391
0.0 0.0 -0.5
77.0682
77.0682
170.5233
238.1281
238.1281
458.2799
0.0 0.1 0.0
62.308
66.8994
135.8648
259.5938
277.1513
466.8852
0.0 0.1 0.1
92.6015
106.0056
182.6094
252.0949
269.1307
458.6762
0.0 0.1 0.2
138.3885
154.4363
229.1501
245.2173
278.1306
431.034
0.0 0.1 0.3
183.1455
192.922
198.7853
208.555
362.4397
378.6103
0.0 0.1 0.4
149.193
165.1213
221.6686
237.5745
299.821
421.1362
0.0 0.1 -0.5
102.8704
117.9989
203.8521
248.1102
264.9241
454.1544
0.0 0.2 0.0
121.6551
125.0976
252.52
280.7524
334.5326
452.3262
0.0 0.2 0.1
141.4814
146.6132
274.5138
275.4723
325.0765
446.8913
0.0 0.2 0.2
176.9188
195.2231
255.0561
296.947
328.8808
428.4949
0.0 0.2 0.3
215.2211
223.7221
244.9515
255.9281
382.5913
393.3608
0.0 0.2 0.4
185.9852
207.1114
248.6289
288.4459
342.122
421.8694
0.0 0.2 -0.5
148.8647
157.1778
271.1696
286.1767
320.2575
443.8937
0.0 0.3 0.0
168.0741
175.4244
303.2523
337.5313
389.9614
429.9875
0.0 0.3 0.1
181.3779
184.5391
297.9465
352.1076
372.1433
435.8186
0.0 0.3 0.2
212.0179
215.9353
281.2602
327.5711
388.9374
437.0861
0.0 0.3 0.3
246.2529
253.8139
264.4112
276.74
418.8912
424.1462
0.0 0.3 0.4
220.0947
226.2435
275.6903
316.2803
396.7531
435.4446
0.0 0.3 -0.5
187.5854
189.8011
295.0952
355.1091
368.0018
437.1322
0.0 0.4 0.0
193.7978
221.2315
320.1686
389.2401
403.2928
427.2945
0.0 0.4 0.1
205.8872
219.1309
315.1829
373.1362
405.3966
443.522
0.0 0.4 0.2
229.8252
234.6279
299.7562
327.289
431.1017
455.4898
0.0 0.4 0.3
265.8615
267.1503
274.2652
276.9078
450.5927
453.2643
0.0 0.4 0.4
236.1596
242.3121
294.618
315.4767
436.6744
456.3074
0.0 0.4 -0.5
211.6262
219.553
312.5297
363.3815
411.0977
447.4416
0.0 -0.5 0.0
205.2699
254.7322
329.4873
379.0597
414.0542
444.9823
0.0 -0.5 0.1
216.8856
245.0863
324.4632
358.7686
428.4199
455.1967
0.0 -0.5 0.2
240.0418
245.0733
309.2554
317.2883
452.2499
467.6121
0.0 -0.5 0.3
263.3354
272.4103
277.2745
284.2852
467.3449
468.9745
0.0 -0.5 0.4
242.8068
252.6837
304.2308
306.4942
456.8856
469.0987
0.0 -0.5 -0.5
222.4602
242.1176
321.821
350.1472
434.1211
458.7042
0.1 0.1 0.0
87.4196
94.8238
185.6857
268.9087
298.5429
461.9406
0.1 0.1 0.1
114.6925
123.1758
218.9389
262.1289
290.2954
454.451
0.1 0.1 0.2
154.8999
173.1108
240.1899
265.9357
295.2354
429.478
0.1 0.1 0.3
196.1199
204.5131
220.1963
229.2984
368.2327
382.5817
0.1 0.1 0.4
164.8082
184.0109
233.3497
258.2457
313.5984
420.5855
0.1 0.1 -0.5
123.3555
135.2982
234.4621
258.7051
285.999
450.3454
0.1 0.2 0.0
135.1168
151.4783
255.8476
306.0996
342.1225
447.6296
0.1 0.2 0.1
152.4039
165.4856
271.7642
307.7977
331.6168
443.433
0.1 0.2 0.2
192.724
197.0827
270.9117
302.1921
341.9386
428.404
0.1 0.2 0.3
226.8087
229.1986
257.4108
263.2591
388.8223
398.2328
0.1 0.2 0.4
202.6792
205.7315
266.503
293.3034
353.3828
422.8124
0.1 0.2 -0.5
160.5717
171.9338
275.4804
311.622
326.2921
441.0555
0.1 0.3 0.0
184.1382
196.4905
301.0324
355.8956
388.6361
425.6362
0.1 0.3 0.1
185.5584
209.8267
305.535
359.6312
372.8029
433.261
0.1 0.3 0.2
206.6731
237.1807
298.1711
325.6119
393.3847
436.5233
0.1 0.3 0.3
244.6565
251.3659
284.4478
288.9007
420.6672
425.4509
0.1 0.3 0.4
214.9267
243.8027
293.7138
315.7499
400.4128
435.3139
0.1 0.3 -0.5
188.216
215.5479
305.672
355.2841
373.6174
435.0764
0.1 0.4 0.0
223.1159
227.8819
328.1957
391.6932
399.1834
423.9941
0.1 0.4 0.1
215.6454
239.7613
326.5228
369.3952
406.7802
439.7682
0.1 0.4 0.2
218.7704
264.1114
306.8607
335.1273
429.7801
452.2332
0.1 0.4 0.3
247.8572
256.8345
301.8164
307.7994
448.1392
450.6368
0.1 0.4 0.4
223.4352
269.1542
299.7784
328.433
434.9992
453.1899
0.1 0.4 -0.5
214.3163
244.8425
324.2076
360.8992
411.672
443.7724
0.2 0.2 0.0
166.9833
174.9785
292.0305
333.8215
376.4754
434.1827
0.2 0.2 0.1
173.9946
189.7504
295.0712
342.7434
362.0012
436.1559
0.2 0.2 0.2
203.2177
220.7341
284.9244
322.0625
377.4742
433.0599
0.2 0.2 0.3
241.1157
245.8856
271.875
278.7145
410.3093
416.3953
0.2 0.2 0.4
212.4412
228.8119
280.2871
311.8425
385.7849
430.5184
0.2 0.2 -0.5
178.8369
196.1214
294.4325
345.758
357.6992
436.3427
0.2 0.3 0.0
206.1257
231.2376
311.8104
383.5145
395.918
413.3577
0.2 0.3 0.1
201.0053
241.246
321.6223
364.9633
390.4142
430.167
0.2 0.3 0.2
209.8791
261.939
318.4797
327.1566
409.2955
439.7307
0.2 0.3 0.3
243.6873
252.7794
306.2428
310.0197
430.5937
434.0791
0.2 0.3 0.4
216.0177
265.295
311.12
323.1977
414.8404
439.8009
0.2 0.3 -0.5
200.7172
245.8031
323.8958
355.4116
393.4845
433.6759
0.2 0.4 0.0
244.863
273.4835
338.5913
387.7707
404.008
417.1863
0.2 0.4 0.1
230.1611
281.6826
347.7928
357.9712
416.5904
430.4074
0.2 0.4 0.2
219.9578
285.8593
323.2171
356.4021
430.7053
445.8384
0.2 0.4 0.3
240.0555
248.5799
337.9167
342.5174
444.9709
446.8185
0.2 0.4 0.4
221.818
279.0334
324.2435
354.3726
434.6499
447.4114
0.2 0.4 -0.5
225.7632
284.9262
342.9673
356.1171
419.0974
435.1267
0.3 0.3 0.0
229.9254
233.0025
331.4343
394.7531
395.7145
425.88
0.3 0.3 0.1
219.4229
246.1923
329.7182
368.0076
409.5723
440.3364
0.3 0.3 0.2
219.4889
269.4548
307.4626
337.9351
432.1074
453.0162
0.3 0.3 0.3
246.6198
255.5764
307.0724
312.963
449.714
452.0418
0.3 0.3 0.4
223.5226
273.2731
300.79
332.1396
437.1534
454.0993
0.3 0.3 -0.5
217.3779
251.2098
327.0322
360.1129
414.444
444.3107
P	=	1499.67	V	=	106.3526	E	=	-655.40981998
0.0 0.0 0.0
-0.0
0.0
0.0
278.9473
278.9473
532.3747
0.0 0.0 0.1
70.0096
70.0096
156.5839
269.8951
269.8951
521.9188
0.0 0.0 0.2
132.6656
132.6656
242.4316
242.4316
294.4838
487.2899
0.0 0.0 0.3
187.3681
187.3681
199.2343
199.2343
401.7894
422.2122
0.0 0.0 0.4
146.3083
146.3083
233.3876
233.3876
322.9804
474.8126
0.0 0.0 -0.5
85.6696
85.6696
191.5882
265.0343
265.0343
516.1206
0.0 0.1 0.0
69.6126
74.2802
152.3071
288.9922
308.665
526.4867
0.0 0.1 0.1
102.7837
117.3098
205.1233
280.6265
299.6584
516.7879
0.0 0.1 0.2
153.8106
171.1885
255.1108
272.8452
312.3904
484.9731
0.0 0.1 0.3
203.7842
214.826
220.7637
231.8361
407.2733
425.7326
0.0 0.1 0.4
166.0397
183.2855
246.6814
264.1733
337.0999
473.5711
0.0 0.1 -0.5
114.3616
130.7593
229.3034
276.123
294.8703
511.4349
0.0 0.2 0.0
135.7762
138.9729
283.0836
312.6468
373.1062
509.4399
0.0 0.2 0.1
157.1686
162.8613
305.6401
309.0616
362.3624
503.18
0.0 0.2 0.2
196.762
216.4652
283.9801
330.2931
369.6202
482.2993
0.0 0.2 0.3
239.5899
249.1869
271.8261
284.2575
430.3177
442.6486
0.0 0.2 0.4
207.0494
229.8453
276.7482
320.5902
384.7722
474.7109
0.0 0.2 -0.5
165.5132
174.5985
301.8462
321.2859
356.8563
499.7032
0.0 0.3 0.0
186.8302
195.5134
338.037
378.3072
436.0349
483.2955
0.0 0.3 0.1
201.5893
205.5369
332.0254
394.2478
416.3622
490.0177
0.0 0.3 0.2
235.818
240.2814
313.3347
364.9864
436.959
491.704
0.0 0.3 0.3
274.1683
282.7315
294.1342
308.062
471.0209
477.0836
0.0 0.3 0.4
244.9917
251.8736
307.0368
352.1301
445.9431
489.8464
0.0 0.3 -0.5
208.6006
211.4348
328.7664
396.4958
412.7843
491.5866
0.0 0.4 0.0
215.5295
246.2547
357.4234
436.1693
452.1503
479.2012
0.0 0.4 0.1
228.923
244.3143
351.7149
417.2512
454.994
498.1752
0.0 0.4 0.2
256.6242
260.9447
334.2089
365.5749
484.2938
512.272
0.0 0.4 0.3
296.7252
297.3979
305.4999
309.1975
506.6985
509.816
0.0 0.4 0.4
263.7975
269.657
328.3262
352.1413
490.7658
513.264
0.0 0.4 -0.5
235.39
244.9363
348.6451
406.0707
461.5521
502.8317
0.0 -0.5 0.0
228.3514
283.3559
368.2988
424.0555
463.9593
500.1586
0.0 -0.5 0.1
241.2215
273.2228
362.4958
401.3266
480.4802
511.9532
0.0 -0.5 0.2
268.4419
272.5461
345.0206
355.0084
508.0447
526.358
0.0 -0.5 0.3
294.6292
304.8978
308.6174
316.6344
525.7765
527.7586
0.0 -0.5 0.4
271.6811
281.1518
339.1975
342.7945
513.5204
528.0766
0.0 -0.5 -0.5
247.4936
270.1117
359.4043
391.5583
487.1376
516.0795
0.1 0.1 0.0
97.6319
105.2971
208.1438
299.439
332.6227
520.6976
0.1 0.1 0.1
127.3448
136.5091
245.7719
291.8965
323.2987
511.9225
0.1 0.1 0.2
172.2125
191.7942
267.3811
295.8147
331.7876
483.313
0.1 0.1 0.3
218.2551
227.6742
244.4574
254.7296
413.9881
430.3718
0.1 0.1 0.4
183.4396
204.1164
259.6818
287.0557
352.7236
473.0927
0.1 0.1 -0.5
137.126
150.0147
263.4158
288.1234
318.3798
507.0945
0.1 0.2 0.0
150.7388
168.2269
285.7851
342.2974
381.5673
503.9325
0.1 0.2 0.1
169.3426
183.7977
303.0375
345.0111
369.5881
499.144
0.1 0.2 0.2
213.7888
219.058
301.5845
336.204
384.3731
482.1827
0.1 0.2 0.3
252.271
254.7636
286.2135
292.6151
437.3886
448.1674
0.1 0.2 0.4
225.1651
228.6981
296.6353
326.0515
397.4821
475.7947
0.1 0.2 -0.5
178.3851
191.0901
306.9054
349.7904
363.465
496.4084
0.1 0.3 0.0
205.1308
218.3421
335.229
399.2721
434.5861
478.1731
0.1 0.3 0.1
206.5095
233.2111
340.229
402.079
418.1173
486.9361
0.1 0.3 0.2
229.8006
263.7538
332.1601
362.8739
442.1684
490.9759
0.1 0.3 0.3
271.9128
279.4808
316.9934
322.0097
473.1057
478.6004
0.1 0.3 0.4
239.0689
271.249
327.1417
351.6999
450.2276
489.6453
0.1 0.3 -0.5
209.4648
239.6751
340.3994
396.3113
419.8097
489.0961
0.1 0.4 0.0
248.097
253.5377
365.8709
439.1218
447.2859
475.6708
0.1 0.4 0.1
239.9416
266.8506
364.0494
412.8654
456.8428
493.8047
0.1 0.4 0.2
243.7935
293.947
342.094
374.3569
482.9316
508.4553
0.1 0.4 0.3
276.0142
286.0373
336.7721
343.5824
503.953
506.8425
0.1 0.4 0.4
249.0828
299.5856
334.2067
366.7284
488.9719
509.6339
0.1 0.4 -0.5
238.5594
272.5837
361.4129
403.1529
462.4465
498.5322
0.2 0.2 0.0
186.1298
194.4233
325.381
374.2455
420.6372
488.1871
0.2 0.2 0.1
193.5667
210.9111
328.6001
384.0792
404.6398
490.5289
0.2 0.2 0.2
225.7992
245.4847
317.3342
358.6556
424.2224
487.2476
0.2 0.2 0.3
268.081
273.4791
302.6782
310.2849
461.4663
468.4647
0.2 0.2 0.4
236.1867
254.6188
312.1143
347.0336
433.7569
484.365
0.2 0.2 -0.5
198.9447
218.1076
327.8558
386.3621
400.8767
490.7921
0.2 0.3 0.0
229.4278
257.0081
347.0144
430.6789
443.0294
463.7759
0.2 0.3 0.1
223.7166
268.0776
358.0934
407.5041
439.0195
482.9465
0.2 0.3 0.2
233.5847
291.0679
355.052
364.7964
460.2399
494.3354
0.2 0.3 0.3
270.9209
281.0635
341.5492
345.7957
484.308
488.2817
0.2 0.3 0.4
240.4817
294.814
346.8337
360.3416
466.5782
494.5223
0.2 0.3 -0.5
223.4072
273.2043
360.7387
396.5167
442.5336
487.0988
0.2 0.4 0.0
272.2015
304.304
376.8693
433.8679
452.1957
469.1979
0.2 0.4 0.1
255.9845
313.253
387.6064
399.5724
468.5202
482.7135
0.2 0.4 0.2
245.1003
317.5296
360.8934
397.9105
484.293
500.7983
0.2 0.4 0.3
267.3631
276.8283
377.2792
382.5234
500.3676
502.4389
0.2 0.4 0.4
247.276
309.9734
362.0358
395.694
488.7868
502.7602
0.2 0.4 -0.5
251.1314
316.8137
382.4921
397.2172
471.4036
488.2112
0.3 0.3 0.0
255.688
259.189
369.4665
442.5245
443.234
477.9545
0.3 0.3 0.1
244.1246
274.0046
367.6082
411.316
459.9417
494.4602
0.3 0.3 0.2
244.6148
299.8603
342.8346
377.5409
485.544
509.3218
0.3 0.3 0.3
274.6825
284.6795
342.6829
349.3954
505.7276
508.4222
0.3 0.3 0.4
249.2053
304.0828
335.4658
370.9273
491.3905
510.6474
0.3 0.3 -0.5
241.939
279.6677
364.5502
402.3063
465.538
499.1367
P	=	2000.56	V	=	100.5563	E	=	-655.34126757
0.0 0.0 0.0
-0.0
-0.0
-0.0
301.8773
301.8773
584.0122
0.0 0.0 0.1
73.5465
73.5465
169.7022
291.9812
291.9812
571.9653
0.0 0.0 0.2
141.2383
141.2383
262.0965
262.0965
320.2852
533.0255
0.0 0.0 0.3
201.6101
201.6101
214.8382
214.8382
438.3064
461.0717
0.0 0.0 0.4
156.4135
156.4135
252.1284
252.1284
351.9113
519.0001
0.0 0.0 -0.5
90.4422
90.4422
208.2228
286.6178
286.6178
565.2815
0.0 0.1 0.0
75.002
79.7575
165.8677
312.823
334.2754
577.3472
0.0 0.1 0.1
109.6086
125.3088
223.2282
303.6557
324.3716
566.2178
0.0 0.1 0.2
164.6478
183.3329
275.8669
295.0264
340.2698
530.5234
0.0 0.1 0.3
219.5993
231.8683
237.7895
250.1043
444.5334
465.0931
0.0 0.1 0.4
178.2066
196.7195
266.5809
285.4357
367.6672
517.7249
0.0 0.1 -0.5
122.0801
139.7976
249.8308
298.6778
319.058
560.0668
0.0 0.2 0.0
146.3214
149.4871
308.4066
338.6523
404.7396
558.0539
0.0 0.2 0.1
168.968
175.1847
330.9363
336.6934
392.8722
550.9409
0.0 0.2 0.2
211.9233
232.9775
307.2911
357.3924
403.2216
527.6399
0.0 0.2 0.3
258.7796
269.385
293.263
306.9973
470.0886
483.8475
0.0 0.2 0.4
223.295
247.6726
299.3262
346.627
420.0727
519.1383
0.0 0.2 -0.5
178.0719
187.9189
326.7261
350.1556
386.7701
546.9775
0.0 0.3 0.0
201.4459
210.812
366.5374
412.266
474.1564
528.4779
0.0 0.3 0.1
217.4805
221.8221
359.8866
429.0992
453.1181
535.793
0.0 0.3 0.2
254.767
259.6499
339.3933
395.7393
476.9356
537.6405
0.0 0.3 0.3
296.593
306.0319
318.2067
333.5516
514.6018
521.4075
0.0 0.3 0.4
264.8866
272.3959
332.4376
381.507
486.9487
535.548
0.0 0.3 -0.5
225.2009
228.3455
356.2521
430.5748
450.1145
537.5353
0.0 0.4 0.0
232.9527
265.7901
388.0577
475.3951
493.2795
522.5601
0.0 0.4 0.1
247.5238
264.1989
381.7121
454.0405
496.5448
544.0309
0.0 0.4 0.2
278.1646
282.3435
362.3894
397.3257
528.8304
560.0024
0.0 0.4 0.3
321.9295
322.0248
330.9628
335.689
553.7897
557.3151
0.0 0.4 0.4
286.1219
291.9268
355.8526
382.4512
536.0955
561.1444
0.0 0.4 -0.5
254.6424
265.0729
378.2676
441.6057
503.811
549.3525
0.0 -0.5 0.0
247.2483
306.2415
400.2896
461.5704
505.759
546.5898
0.0 -0.5 0.1
261.1912
295.8948
393.81
436.7754
524.0918
559.6901
0.0 -0.5 0.2
291.5645
295.1227
374.4066
386.3047
554.888
575.8181
0.0 -0.5 0.3
320.3201
331.6507
334.3417
343.2006
574.9736
577.2747
0.0 -0.5 0.4
295.2496
304.5636
367.8993
372.8368
561.1234
577.7498
0.0 -0.5 -0.5
268.0664
292.7294
390.3222
426.0062
531.5816
564.3541
0.1 0.1 0.0
105.1971
113.1695
226.6793
324.2662
360.4188
570.7945
0.1 0.1 0.1
136.435
146.3244
267.597
316.0148
350.1296
560.7638
0.1 0.1 0.2
184.9091
205.8465
289.1905
319.9276
361.715
528.7353
0.1 0.1 0.3
235.422
245.8203
263.541
274.8983
452.0562
470.3011
0.1 0.1 0.4
197.337
219.4408
280.7084
310.2183
384.9391
517.2768
0.1 0.1 -0.5
147.0142
160.8999
286.9543
311.939
344.652
555.2331
0.1 0.2 0.0
162.4511
181.1807
310.3561
372.1752
413.9351
551.8206
0.1 0.2 0.1
182.237
197.9002
328.4934
375.7239
400.6913
546.394
0.1 0.2 0.2
230.1975
236.1521
326.3803
363.9072
419.4573
527.5013
0.1 0.2 0.3
272.4221
275.0416
309.3653
316.2787
477.8874
489.9225
0.1 0.2 0.4
242.7709
246.7172
320.9317
352.6437
434.0436
520.3465
0.1 0.2 -0.5
192.0491
205.87
332.4395
381.2871
393.8825
543.2833
0.1 0.3 0.0
221.176
235.6309
363.281
435.3587
472.6346
522.6808
0.1 0.3 0.1
222.7829
251.7851
368.582
437.0988
455.9516
532.2791
0.1 0.3 0.2
248.1318
285.042
359.8395
393.5424
482.8157
536.815
0.1 0.3 0.3
293.8018
302.097
343.4887
349.0005
516.9608
523.1195
0.1 0.3 0.4
258.306
293.2879
354.3391
381.2005
491.7786
535.3278
0.1 0.3 -0.5
226.0678
258.9014
368.7499
430.1657
458.3243
534.7037
0.1 0.4 0.0
268.2997
273.6281
396.8316
478.7034
487.7797
518.8782
0.1 0.4 0.1
259.2653
288.7032
394.8379
449.1437
498.8126
539.1578
0.1 0.4 0.2
263.849
318.2163
371.0823
406.8316
527.4353
555.7416
0.1 0.4 0.3
298.8424
309.798
365.461
372.9799
550.7793
554.0364
0.1 0.4 0.4
269.7051
324.362
362.5346
398.3259
534.1909
557.1034
0.1 0.4 -0.5
257.8667
295.0492
391.928
438.3578
505.0023
544.5465
0.2 0.2 0.0
200.654
209.6252
352.719
407.8273
457.0974
534.0077
0.2 0.2 0.1
208.6879
227.5222
355.9699
418.223
439.9816
536.535
0.2 0.2 0.2
243.6395
265.1453
343.6487
388.6658
463.0812
532.8662
0.2 0.2 0.3
289.6526
295.588
327.6379
335.9398
504.2038
512.0461
0.2 0.2 0.4
255.0524
275.2025
337.9064
375.8114
473.6947
529.6271
0.2 0.2 -0.5
214.5892
235.4358
355.1019
419.6767
436.8538
536.813
0.2 0.3 0.0
247.431
277.6947
375.9404
469.8645
482.2564
506.4011
0.2 0.3 0.1
241.4712
289.6766
387.9384
442.8169
479.6533
527.4449
0.2 0.3 0.2
252.3966
314.6043
385.1585
395.7176
502.7887
540.325
0.2 0.3 0.3
292.8509
303.9248
370.4529
375.0598
529.2816
533.7247
0.2 0.3 0.4
259.9826
318.6814
376.2724
390.728
509.8146
540.5691
0.2 0.3 -0.5
241.2163
295.3016
390.8691
430.6039
483.5343
532.1566
0.2 0.4 0.0
293.7999
329.4869
408.4036
472.6328
492.1434
512.8858
0.2 0.4 0.1
276.5484
339.0445
420.4031
434.2782
512.0478
526.6345
0.2 0.4 0.2
265.2153
343.5238
392.2275
432.0203
529.1778
547.0596
0.2 0.4 0.3
289.4801
299.8382
409.7103
415.4705
546.8127
549.1145
0.2 0.4 0.4
267.6822
335.3857
393.3566
429.6552
534.1348
549.3364
0.2 0.4 -0.5
271.3577
342.8731
415.3896
431.1354
515.2673
532.8433
0.3 0.3 0.0
276.5867
279.7581
400.727
482.3872
483.2048
521.538
0.3 0.3 0.1
263.8063
296.5069
398.7102
447.4795
502.1697
539.8858
0.3 0.3 0.2
264.768
324.6259
372.0087
410.3108
530.2991
556.6834
0.3 0.3 0.3
297.4429
308.375
371.9402
379.3541
552.7307
555.7709
0.3 0.3 0.4
269.864
329.195
364.0579
402.9296
536.8425
558.211
0.3 0.3 -0.5
261.5315
302.7679
395.3499
437.473
508.37
545.2058
P	=	2499.26	V	=	95.9588	E	=	-655.27119684
0.0 0.0 0.0
-0.0
-0.0
-0.0
322.3764
322.3764
628.1087
0.0 0.0 0.1
77.7711
77.7711
179.1741
311.8831
311.8831
614.6138
0.0 0.0 0.2
150.1081
150.1081
280.0806
280.0806
340.5085
571.8259
0.0 0.0 0.3
215.1299
215.1299
229.4432
229.4432
468.6134
493.5203
0.0 0.0 0.4
166.5214
166.5214
269.3723
269.3723
374.9154
556.4518
0.0 0.0 -0.5
95.8398
95.8398
220.4013
306.1538
306.1538
607.1566
0.0 0.1 0.0
77.8083
84.9472
177.981
334.0974
357.02
620.7335
0.0 0.1 0.1
116.4484
130.968
238.4446
324.341
346.4332
608.308
0.0 0.1 0.2
175.2371
194.1042
294.7329
314.9797
362.9631
569.1704
0.0 0.1 0.3
234.3661
247.6255
253.2283
266.6156
475.6787
498.1112
0.0 0.1 0.4
189.893
208.7486
284.7596
304.6225
392.6218
555.1668
0.0 0.1 -0.5
129.7743
146.7662
266.6627
319.0104
340.7146
601.4636
0.0 0.2 0.0
152.4584
159.3637
330.9813
361.8021
432.5879
599.3794
0.0 0.2 0.1
180.0107
183.3527
353.5172
360.9895
419.7435
591.5418
0.0 0.2 0.2
225.9403
246.0661
328.2424
381.1407
432.0882
566.221
0.0 0.2 0.3
276.2751
287.7105
311.6054
326.5784
503.9912
518.9222
0.0 0.2 0.4
238.2211
262.1503
319.6881
369.4248
450.2444
556.9764
0.0 0.2 -0.5
189.7615
197.184
348.9811
375.3241
413.1383
587.1811
0.0 0.3 0.0
215.0583
220.9002
391.8188
442.3996
507.6125
566.6536
0.0 0.3 0.1
232.0858
233.3452
384.6146
459.6224
485.2228
574.8368
0.0 0.3 0.2
271.9274
274.8351
362.6074
422.0455
511.7891
577.1254
0.0 0.3 0.3
316.7632
326.9251
338.192
354.8516
552.3156
559.6952
0.0 0.3 0.4
282.8337
288.7437
355.1232
406.5693
522.5944
574.8885
0.0 0.3 -0.5
240.3594
240.6323
380.6717
460.1385
482.8351
576.8149
0.0 0.4 0.0
249.0938
280.0272
415.1091
509.9919
527.7589
560.6359
0.0 0.4 0.1
264.5499
279.2101
408.2049
485.258
532.9733
583.8202
0.0 0.4 0.2
295.315
301.6369
387.3545
424.0826
567.6905
601.4053
0.0 0.4 0.3
342.7079
344.0519
353.6688
357.6252
594.7229
598.5702
0.0 0.4 0.4
304.0548
311.927
380.2941
407.9559
575.5833
602.6852
0.0 0.4 -0.5
272.1609
280.4857
404.4496
471.7574
540.811
589.6875
0.0 -0.5 0.0
264.7192
323.9409
428.424
492.7717
542.4792
587.3843
0.0 -0.5 0.1
279.4824
313.745
421.3683
466.458
562.2157
601.4261
0.0 -0.5 0.2
310.2465
315.5001
400.363
412.5141
595.6656
618.9231
0.0 -0.5 0.3
341.5067
353.7786
357.3114
366.8408
617.7698
620.3526
0.0 -0.5 0.4
314.3814
325.6008
393.3105
397.9844
602.5286
621.015
0.0 -0.5 -0.5
286.8128
310.6667
417.5571
454.9155
570.3589
606.5026
0.1 0.1 0.0
109.3021
120.5592
243.2468
346.3912
385.0087
613.4811
0.1 0.1 0.1
145.07
152.8989
286.5394
337.6041
373.9434
602.3237
0.1 0.1 0.2
196.9374
217.5819
308.8856
341.3907
386.7391
567.2936
0.1 0.1 0.3
251.2632
262.4151
280.4425
292.7549
484.1044
503.9628
0.1 0.1 0.4
210.37
232.5155
299.7747
330.8645
411.795
554.7814
0.1 0.1 -0.5
156.426
168.677
307.0581
333.2909
368.0164
596.1885
0.1 0.2 0.0
169.4849
193.0733
332.3572
398.6735
442.4173
592.4747
0.1 0.2 0.1
190.9186
210.7833
351.0139
402.8773
428.0354
586.5444
0.1 0.2 0.2
243.399
251.5295
348.3547
388.1037
449.7857
566.1125
0.1 0.2 0.3
290.517
293.0038
329.4057
336.6284
512.5499
525.5944
0.1 0.2 0.4
257.505
262.6627
342.4759
375.8329
465.4889
558.3514
0.1 0.2 -0.5
201.6707
219.3104
354.9963
408.964
420.6408
583.1449
0.1 0.3 0.0
231.9808
251.3659
388.236
467.2713
506.0628
560.2216
0.1 0.3 0.1
234.6552
268.2979
393.6267
467.5582
489.2135
570.951
0.1 0.3 0.2
262.8083
303.8438
384.1736
419.8156
518.2991
576.2214
0.1 0.3 0.3
312.5437
321.7171
366.342
372.2238
554.9321
561.5921
0.1 0.3 0.4
273.9665
312.7086
378.2006
406.4688
527.9414
574.6565
0.1 0.3 -0.5
238.4639
275.9302
393.7574
459.4802
492.1636
573.6918
0.1 0.4 0.0
286.6355
288.4523
424.1543
513.5596
521.6518
556.8626
0.1 0.4 0.1
274.6155
307.6456
421.8867
479.9606
535.5966
578.5017
0.1 0.4 0.2
280.1397
339.4693
396.1721
434.6805
566.2818
596.7252
0.1 0.4 0.3
318.0347
329.9072
390.3728
398.4742
591.4636
595.0017
0.1 0.4 0.4
286.5817
345.9904
386.9716
425.5528
573.5911
598.2526
0.1 0.4 -0.5
273.2224
314.6247
418.6972
468.3035
542.2727
584.4214
0.2 0.2 0.0
210.0506
223.596
377.0607
437.5938
489.1179
572.7605
0.2 0.2 0.1
219.6464
242.2094
380.2182
448.1723
470.9706
575.6799
0.2 0.2 0.2
258.1514
282.3439
366.9316
414.4915
496.9365
571.9656
0.2 0.2 0.3
308.5766
315.0349
349.0549
357.7779
541.1094
549.6028
0.2 0.2 0.4
270.7182
293.1339
360.7208
400.5249
508.3686
568.4844
0.2 0.2 -0.5
226.2611
250.6791
379.228
448.6427
468.4967
576.0489
0.2 0.3 0.0
260.1563
296.2344
401.6666
504.2715
516.8806
542.1987
0.2 0.3 0.1
254.6187
308.9034
414.1859
473.2037
515.4645
565.5323
0.2 0.3 0.2
267.3587
335.3647
411.1051
422.4715
539.9933
579.9519
0.2 0.3 0.3
311.2637
323.306
395.5296
400.5058
568.2897
573.0694
0.2 0.3 0.4
275.7063
339.6364
401.5042
417.1838
547.5167
580.2909
0.2 0.3 -0.5
254.6377
314.9103
417.2932
459.8992
519.6056
570.7947
0.2 0.4 0.0
310.1873
351.8369
436.2926
504.891
527.117
551.3984
0.2 0.4 0.1
292.531
361.8134
448.9056
463.8767
550.195
564.705
0.2 0.4 0.2
281.3573
365.8758
419.2443
461.6955
568.4134
587.0547
0.2 0.4 0.3
307.809
319.0085
437.9339
444.1259
587.1261
589.5733
0.2 0.4 0.4
284.1805
357.0487
420.5007
459.2087
573.6859
589.6153
0.2 0.4 -0.5
287.2101
365.8056
443.5201
460.5436
553.7457
571.4287
0.3 0.3 0.0
295.0763
295.4992
428.2955
516.5964
517.4666
559.8602
0.3 0.3 0.1
279.4337
316.0853
425.986
478.1601
539.1633
579.3463
0.3 0.3 0.2
281.1295
346.2987
397.1472
438.5069
569.3574
597.7505
0.3 0.3 0.3
316.5277
328.3618
397.369
405.361
593.5687
596.8736
0.3 0.3 0.4
286.7542
351.0624
388.6723
430.5795
576.4407
599.455
0.3 0.3 -0.5
277.124
322.9377
422.298
467.3875
545.8658
585.1697
P	=	3000.17	V	=	92.1584	E	=	-655.20033725
0.0 0.0 0.0
-0.0
-0.0
0.0
341.0335
341.0335
669.7187
0.0 0.0 0.1
83.0341
83.0341
192.6086
329.9926
329.9926
654.9331
0.0 0.0 0.2
159.3925
159.3925
296.3502
296.3502
363.8793
608.4942
0.0 0.0 0.3
227.6681
227.6681
242.8099
242.8099
498.6913
525.083
0.0 0.0 0.4
176.695
176.695
284.956
284.956
400.2742
591.9021
0.0 0.0 -0.5
102.2792
102.2792
236.8006
323.9162
323.9162
646.7485
0.0 0.1 0.0
84.5274
90.104
188.9894
353.4096
377.5859
661.6925
0.0 0.1 0.1
123.7123
140.5599
254.4326
343.1203
366.4033
648.1273
0.0 0.1 0.2
185.7864
206.0797
311.7798
333.0459
387.2988
605.7357
0.0 0.1 0.3
247.9406
261.974
267.7635
281.8976
506.2183
530.0237
0.0 0.1 0.4
201.2552
221.3667
301.169
322.011
418.7714
590.6337
0.0 0.1 -0.5
137.9086
157.0446
284.9172
337.4586
360.3204
640.6373
0.0 0.2 0.0
164.7201
169.0113
351.4175
382.7117
457.5451
638.4747
0.0 0.2 0.1
190.7943
196.9213
373.9225
383.5932
443.9363
629.9905
0.0 0.2 0.2
239.151
261.6736
347.1223
402.8509
459.6479
602.6369
0.0 0.2 0.3
292.1468
304.2627
329.6044
345.3311
536.0795
552.0359
0.0 0.2 0.4
252.1288
278.3461
338.021
390.3877
479.0515
592.6525
0.0 0.2 -0.5
201.1175
211.3118
369.0868
398.9559
436.955
625.2461
0.0 0.3 0.0
228.056
236.9989
414.5487
469.5009
537.4683
602.951
0.0 0.3 0.1
245.8584
249.7317
406.8565
487.3051
514.4423
611.4988
0.0 0.3 0.2
287.6662
292.539
383.4595
446.7244
543.6688
613.7313
0.0 0.3 0.3
334.9146
345.6945
358.5065
376.0298
586.8935
594.8481
0.0 0.3 0.4
299.1927
307.0312
375.4889
430.3319
555.213
611.2595
0.0 0.3 -0.5
254.5645
257.2566
402.6346
487.1329
512.687
613.5761
0.0 0.4 0.0
264.1595
298.5249
439.3323
540.9069
560.8487
594.5334
0.0 0.4 0.1
280.2679
297.6759
431.9343
514.6317
565.8525
619.9625
0.0 0.4 0.2
314.4998
319.1122
409.7096
449.8513
602.7645
639.0117
0.0 0.4 0.3
363.7998
364.1282
374.0082
379.8599
631.7239
635.8929
0.0 0.4 0.4
323.6812
329.9785
402.1761
432.7605
611.23
640.3829
0.0 0.4 -0.5
288.2561
299.0181
427.9007
500.2361
574.1926
626.3609
0.0 -0.5 0.0
280.7622
343.9169
453.5408
523.1683
575.1842
623.6025
0.0 -0.5 0.1
296.1573
333.6219
445.9761
495.121
596.3457
638.8112
0.0 -0.5 0.2
330.5242
333.8589
423.5523
438.1273
632.2856
657.6881
0.0 -0.5 0.3
363.4492
376.3836
377.8746
387.9897
656.2421
659.0858
0.0 -0.5 0.4
334.9562
344.5141
416.0159
422.7644
639.7261
659.928
0.0 -0.5 -0.5
303.8505
330.5428
441.8776
482.8324
605.1143
644.3245
0.1 0.1 0.0
118.5091
127.819
258.2954
366.4282
407.1531
653.8038
0.1 0.1 0.1
153.9394
164.2499
304.9691
357.1767
395.4344
641.6635
0.1 0.1 0.2
208.6029
231.149
326.7041
360.8645
412.1257
603.7827
0.1 0.1 0.3
265.7423
277.5404
296.5164
309.4696
515.1409
536.2562
0.1 0.1 0.4
222.7881
246.648
317.007
349.6478
438.8021
590.2928
0.1 0.1 -0.5
165.9761
180.7287
327.0139
352.7205
389.1208
634.9671
0.1 0.2 0.0
182.8043
204.4451
352.2948
422.57
467.904
630.974
0.1 0.2 0.1
204.9273
223.1291
371.7606
427.6334
452.6455
624.5678
0.1 0.2 0.2
258.786
266.1084
368.4305
410.2991
478.3117
602.4876
0.1 0.2 0.3
307.0652
309.7856
348.5313
356.1321
545.1033
559.0687
0.1 0.2 0.4
273.228
277.9969
362.1759
397.2746
495.1053
594.0936
0.1 0.2 -0.5
216.0365
232.1607
375.7681
434.3962
444.8298
620.8714
0.1 0.3 0.0
248.5527
266.1171
410.7189
495.8955
535.9116
595.9738
0.1 0.3 0.1
250.8127
284.0174
416.3452
495.1804
519.409
607.2375
0.1 0.3 0.2
279.569
321.2883
406.346
444.4696
550.6598
612.719
0.1 0.3 0.3
330.8953
340.3078
387.9178
394.1382
589.6983
596.8734
0.1 0.3 0.4
291.1278
330.6324
400.0739
430.3221
560.9514
610.9818
0.1 0.3 -0.5
254.6579
292.0521
416.4575
486.3339
522.8751
610.1474
0.1 0.4 0.0
303.5356
307.2216
448.6404
544.666
554.226
590.7233
0.1 0.4 0.1
292.1849
326.0104
446.2471
508.9509
568.7926
614.2463
0.1 0.4 0.2
298.0361
359.1309
419.5225
460.7042
601.3417
633.9759
0.1 0.4 0.3
337.4404
349.7872
413.4453
422.0228
628.2611
632.0863
0.1 0.4 0.4
304.7769
365.9694
410.004
450.8647
609.1636
635.6211
0.1 0.4 -0.5
290.7778
333.2715
442.8786
496.5193
575.8868
620.6912
0.2 0.2 0.0
225.6069
236.8507
399.01
464.3668
517.7142
609.5734
0.2 0.2 0.1
234.9716
256.6745
402.201
475.2942
499.0852
612.6045
0.2 0.2 0.2
274.3992
298.876
388.0654
438.555
528.0377
608.4114
0.2 0.2 0.3
326.3988
333.1287
369.5918
378.8538
575.1226
584.2627
0.2 0.2 0.4
287.3898
310.2852
381.4913
423.7657
540.2524
604.6003
0.2 0.2 -0.5
241.7347
265.6194
401.105
474.9796
497.3664
612.9592
0.2 0.3 0.0
277.8665
313.3401
424.8343
534.8928
547.9396
576.439
0.2 0.3 0.1
271.7465
326.574
438.0737
501.1759
547.7096
600.9704
0.2 0.3 0.2
284.5495
354.2383
435.3342
447.2221
573.7022
616.4197
0.2 0.3 0.3
329.9268
342.3891
418.7276
423.873
603.8135
608.9591
0.2 0.3 0.4
293.1951
358.7566
425.4308
441.4045
581.7168
616.7612
0.2 0.3 -0.5
271.6485
332.877
441.3665
487.0533
552.1306
606.6353
0.2 0.4 0.0
329.6968
372.1286
461.3337
536.0728
558.2058
585.8229
0.2 0.4 0.1
311.1495
382.4665
474.9657
491.6786
584.4419
599.3427
0.2 0.4 0.2
299.4559
386.8202
444.5176
488.6056
603.7456
623.472
0.2 0.4 0.3
326.9159
338.5943
463.5955
470.1265
623.6109
626.2338
0.2 0.4 0.4
302.4016
377.821
445.6055
485.984
609.348
626.2529
0.2 0.4 -0.5
305.5617
386.6012
469.9112
487.5482
588.2793
606.5959
0.3 0.3 0.0
312.876
314.0732
452.9943
548.7551
548.7611
594.0205
0.3 0.3 0.1
297.2418
334.8471
450.5796
507.0982
572.5195
615.1115
0.3 0.3 0.2
299.1114
366.2955
420.728
464.6879
604.5876
635.0306
0.3 0.3 0.3
335.9362
348.2596
420.8284
429.293
630.4826
634.0571
0.3 0.3 0.4
305.0029
371.3008
411.9524
456.1318
612.1719
636.8694
0.3 0.3 -0.5
294.8683
341.9919
446.7099
495.5866
579.6601
621.4468
P	=	5000.14	V	=	81.4674	E	=	-654.91582871
0.0 0.0 0.0
-0.0
0.0
0.0
400.9297
400.9297
804.2725
0.0 0.0 0.1
100.6031
100.6031
229.1821
388.2735
388.2735
784.7674
0.0 0.0 0.2
190.3254
190.3254
349.0655
349.0655
432.675
725.8778
0.0 0.0 0.3
269.0482
269.0482
286.5429
286.5429
592.9996
624.4922
0.0 0.0 0.4
210.2441
210.2441
335.7578
335.7578
475.778
705.4673
0.0 0.0 -0.5
123.4525
123.4525
281.5772
381.2648
381.2648
774.1931
0.0 0.1 0.0
100.0611
106.6291
224.8992
415.4896
443.5269
793.9671
0.0 0.1 0.1
147.3821
165.6708
303.6148
403.5782
430.5519
776.2525
0.0 0.1 0.2
220.4078
242.8209
366.8817
391.2289
461.2546
722.7934
0.0 0.1 0.3
292.3371
308.5965
314.4964
330.9645
602.5104
630.9002
0.0 0.1 0.4
238.2794
260.5471
354.4602
378.2228
498.4589
704.266
0.0 0.1 -0.5
164.2521
185.1481
339.7381
397.0009
423.4625
766.6527
0.0 0.2 0.0
194.3131
200.0524
418.1506
450.0939
537.6336
764.1913
0.0 0.2 0.1
225.5954
231.8202
439.6608
456.4284
521.6298
753.435
0.0 0.2 0.2
281.8909
306.7314
407.9181
471.9882
547.5538
719.4017
0.0 0.2 0.3
343.4624
357.5624
385.4659
403.8391
638.7585
657.8862
0.0 0.2 0.4
296.9096
325.9232
397.2103
457.1825
570.5782
707.1874
0.0 0.2 -0.5
237.6175
248.474
433.9408
474.3392
513.6755
747.4875
0.0 0.3 0.0
270.1671
278.3692
487.916
557.887
633.9985
718.7508
0.0 0.3 0.1
290.4346
293.9637
478.565
576.1025
609.2247
729.1463
0.0 0.3 0.2
338.5107
343.9463
450.5485
524.4566
646.9752
731.8362
0.0 0.3 0.3
393.4548
406.0349
420.4915
440.9535
698.8343
708.4968
0.0 0.3 0.4
351.8247
360.6492
441.1278
505.0749
660.684
728.7505
0.0 0.3 -0.5
300.3651
302.8733
473.4842
573.2323
609.653
731.704
0.0 0.4 0.0
313.4074
349.4397
517.5285
641.5601
665.1424
705.2086
0.0 0.4 0.1
331.4705
350.2133
508.4974
607.5109
672.7659
737.2338
0.0 0.4 0.2
371.3264
375.7994
481.8158
530.4381
716.7123
761.3305
0.0 0.4 0.3
427.7341
429.3005
439.6639
447.7134
752.0809
757.2673
0.0 0.4 0.4
382.0451
388.3186
472.8956
510.2344
726.9291
763.0182
0.0 0.4 -0.5
340.4777
352.3386
503.6269
590.3747
682.5589
745.3239
0.0 -0.5 0.0
333.6069
402.0726
534.569
617.4783
681.7771
742.4968
0.0 -0.5 0.1
350.7835
392.5639
525.4205
584.6379
707.1257
761.2515
0.0 -0.5 0.2
391.5417
393.6578
498.6003
517.8707
751.0955
784.6213
0.0 -0.5 0.3
430.2585
444.769
445.3521
456.5969
781.6417
785.4539
0.0 -0.5 0.4
396.8831
405.9098
489.6817
499.8684
760.399
787.2598
0.0 -0.5 -0.5
359.4194
389.8452
520.5044
570.3106
717.6868
768.0951
0.1 0.1 0.0
140.1139
151.121
307.3881
430.9337
478.1252
783.8445
0.1 0.1 0.1
182.4175
193.3501
363.3774
420.275
464.4012
768.1483
0.1 0.1 0.2
246.5654
271.3317
384.1192
423.3132
491.1134
720.6276
0.1 0.1 0.3
312.8098
326.3698
347.4832
362.4972
613.5333
638.7265
0.1 0.1 0.4
262.9792
289.2728
372.7438
410.0211
522.6587
704.1129
0.1 0.1 -0.5
196.6441
212.5364
389.0821
415.5652
456.9963
759.6324
0.1 0.2 0.0
215.4257
241.046
416.8076
500.3797
549.6282
754.5911
0.1 0.2 0.1
241.2923
262.8709
437.9245
508.1882
531.5375
746.5598
0.1 0.2 0.2
303.5824
312.7593
432.4136
480.9
569.9053
719.193
0.1 0.2 0.3
360.0756
362.9298
408.4485
416.9897
649.6006
666.3598
0.1 0.2 0.4
320.3202
326.366
425.0263
465.4479
589.8208
708.9238
0.1 0.2 -0.5
254.1497
273.3595
441.8604
516.2302
522.9618
741.961
0.1 0.3 0.0
291.7308
313.7563
483.2243
589.0116
632.6419
709.8787
0.1 0.3 0.1
295.1892
334.1906
489.0842
583.4497
617.9441
723.598
0.1 0.3 0.2
328.7171
377.0542
476.9662
522.1873
655.7793
730.4295
0.1 0.3 0.3
387.8285
398.6325
455.7269
462.9065
702.3293
710.9929
0.1 0.3 0.4
341.9804
387.7589
469.6751
505.4996
667.9251
728.2844
0.1 0.3 -0.5
299.8011
343.3947
489.0365
572.0642
622.8882
727.2055
0.1 0.4 0.0
358.4278
359.4744
527.5449
645.6682
656.825
701.4446
0.1 0.4 0.1
343.7499
383.9199
524.4069
600.6716
676.7745
730.1456
0.1 0.4 0.2
351.4948
422.0063
493.5251
543.0231
715.3625
754.973
0.1 0.4 0.3
397.0542
411.2004
486.8184
496.8017
747.9229
752.62
0.1 0.4 0.4
359.32
429.6838
482.8094
531.1949
724.7194
757.0281
0.1 0.4 -0.5
342.4319
392.3373
520.4195
585.8995
685.1349
738.2146
0.2 0.2 0.0
265.1754
279.6406
469.831
551.6419
609.9896
727.223
0.2 0.2 0.1
276.704
302.3446
472.7159
562.3037
590.487
730.974
0.2 0.2 0.2
322.4187
351.0524
455.5806
514.5596
628.7621
725.7532
0.2 0.2 0.3
382.624
390.3986
433.723
444.3371
685.0561
696.1021
0.2 0.2 0.4
337.362
364.1758
447.8414
497.0971
643.2306
721.0434
0.2 0.2 -0.5
284.6179
312.6335
471.23
558.9755
591.3768
731.4169
0.2 0.3 0.0
325.5785
368.5161
499.5026
633.1418
650.1593
685.0481
0.2 0.3 0.1
319.5129
383.5005
514.2831
590.2672
653.2106
714.6605
0.2 0.3 0.2
334.9135
414.8399
511.8113
525.6497
683.5675
734.1434
0.2 0.3 0.3
387.0675
401.2778
492.3072
498.0176
719.1217
725.266
0.2 0.3 0.4
344.8388
419.8665
500.8418
518.3438
692.9351
734.6259
0.2 0.3 -0.5
319.6736
390.634
517.9697
573.5656
658.3876
721.7409
0.2 0.4 0.0
385.4494
437.6019
542.0486
634.0373
658.6157
698.6109
0.2 0.4 0.1
365.3401
448.9654
557.9492
579.7861
695.8389
711.5418
0.2 0.4 0.2
353.1588
453.0133
524.8918
574.3199
719.0444
741.2979
0.2 0.4 0.3
385.005
398.3807
545.7151
553.1744
742.2169
745.2623
0.2 0.4 0.4
356.6635
442.9966
525.7132
571.3751
725.5321
744.8618
0.2 0.4 -0.5
359.3286
453.419
553.5187
573.5585
700.9132
720.1018
0.3 0.3 0.0
367.3929
369.2996
532.5625
649.9234
650.3104
705.8004
0.3 0.3 0.1
349.5863
394.2581
529.4188
598.5737
680.9621
731.226
0.3 0.3 0.2
352.8408
430.2731
495.2732
547.7009
719.1563
756.1819
0.3 0.3 0.3
395.4491
409.5752
495.5691
505.4228
750.5395
754.9393
0.3 0.3 0.4
359.7028
435.7949
485.4716
537.3939
728.2476
758.4711
0.3 0.3 -0.5
347.1884
402.52
524.8954
584.8853
689.4513
739.1096

weight
   0.0000000   0.0000000   0.0000000   0.0020000   
   0.0000000   0.0000000   0.1000000   0.0040000   
   0.0000000   0.0000000   0.2000000   0.0040000   
   0.0000000   0.0000000   0.3000000   0.0040000   
   0.0000000   0.0000000   0.4000000   0.0040000   
   0.0000000   0.0000000  -0.5000000   0.0020000   
   0.0000000   0.1000000   0.0000000   0.0120000   
   0.0000000   0.1000000   0.1000000   0.0240000   
   0.0000000   0.1000000   0.2000000   0.0240000   
   0.0000000   0.1000000   0.3000000   0.0240000   
   0.0000000   0.1000000   0.4000000   0.0240000   
   0.0000000   0.1000000  -0.5000000   0.0120000   
   0.0000000   0.2000000   0.0000000   0.0120000   
   0.0000000   0.2000000   0.1000000   0.0240000   
   0.0000000   0.2000000   0.2000000   0.0240000   
   0.0000000   0.2000000   0.3000000   0.0240000   
   0.0000000   0.2000000   0.4000000   0.0240000   
   0.0000000   0.2000000  -0.5000000   0.0120000   
   0.0000000   0.3000000   0.0000000   0.0120000   
   0.0000000   0.3000000   0.1000000   0.0240000   
   0.0000000   0.3000000   0.2000000   0.0240000   
   0.0000000   0.3000000   0.3000000   0.0240000   
   0.0000000   0.3000000   0.4000000   0.0240000   
   0.0000000   0.3000000  -0.5000000   0.0120000   
   0.0000000   0.4000000   0.0000000   0.0120000   
   0.0000000   0.4000000   0.1000000   0.0240000   
   0.0000000   0.4000000   0.2000000   0.0240000   
   0.0000000   0.4000000   0.3000000   0.0240000   
   0.0000000   0.4000000   0.4000000   0.0240000   
   0.0000000   0.4000000  -0.5000000   0.0120000   
   0.0000000  -0.5000000   0.0000000   0.0060000   
   0.0000000  -0.5000000   0.1000000   0.0120000   
   0.0000000  -0.5000000   0.2000000   0.0120000   
   0.0000000  -0.5000000   0.3000000   0.0120000   
   0.0000000  -0.5000000   0.4000000   0.0120000   
   0.0000000  -0.5000000  -0.5000000   0.0060000   
   0.1000000   0.1000000   0.0000000   0.0120000   
   0.1000000   0.1000000   0.1000000   0.0240000   
   0.1000000   0.1000000   0.2000000   0.0240000   
   0.1000000   0.1000000   0.3000000   0.0240000   
   0.1000000   0.1000000   0.4000000   0.0240000   
   0.1000000   0.1000000  -0.5000000   0.0120000   
   0.1000000   0.2000000   0.0000000   0.0240000   
   0.1000000   0.2000000   0.1000000   0.0480000   
   0.1000000   0.2000000   0.2000000   0.0480000   
   0.1000000   0.2000000   0.3000000   0.0480000   
   0.1000000   0.2000000   0.4000000   0.0480000   
   0.1000000   0.2000000  -0.5000000   0.0240000   
   0.1000000   0.3000000   0.0000000   0.0240000   
   0.1000000   0.3000000   0.1000000   0.0480000   
   0.1000000   0.3000000   0.2000000   0.0480000   
   0.1000000   0.3000000   0.3000000   0.0480000   
   0.1000000   0.3000000   0.4000000   0.0480000   
   0.1000000   0.3000000  -0.5000000   0.0240000   
   0.1000000   0.4000000   0.0000000   0.0240000   
   0.1000000   0.4000000   0.1000000   0.0480000   
   0.1000000   0.4000000   0.2000000   0.0480000   
   0.1000000   0.4000000   0.3000000   0.0480000   
   0.1000000   0.4000000   0.4000000   0.0480000   
   0.1000000   0.4000000  -0.5000000   0.0240000   
   0.2000000   0.2000000   0.0000000   0.0120000   
   0.2000000   0.2000000   0.1000000   0.0240000   
   0.2000000   0.2000000   0.2000000   0.0240000   
   0.2000000   0.2000000   0.3000000   0.0240000   
   0.2000000   0.2000000   0.4000000   0.0240000   
   0.2000000   0.2000000  -0.5000000   0.0120000   
   0.2000000   0.3000000   0.0000000   0.0240000   
   0.2000000   0.3000000   0.1000000   0.0480000   
   0.2000000   0.3000000   0.2000000   0.0480000   
   0.2000000   0.3000000   0.3000000   0.0480000   
   0.2000000   0.3000000   0.4000000   0.0480000   
   0.2000000   0.3000000  -0.5000000   0.0240000   
   0.2000000   0.4000000   0.0000000   0.0120000   
   0.2000000   0.4000000   0.1000000   0.0240000   
   0.2000000   0.4000000   0.2000000   0.0240000   
   0.2000000   0.4000000   0.3000000   0.0240000   
   0.2000000   0.4000000   0.4000000   0.0240000   
   0.2000000   0.4000000  -0.5000000   0.0120000   
   0.3000000   0.3000000   0.0000000   0.0120000   
   0.3000000   0.3000000   0.1000000   0.0240000   
   0.3000000   0.3000000   0.2000000   0.0240000   
   0.3000000   0.3000000   0.3000000   0.0240000   
   0.3000000   0.3000000   0.4000000   0.0240000   
   0.3000000   0.3000000  -0.5000000   0.0120000   